onset_perfm,pitch_perfm,velocity_perfm,onset_score,pitch_score,velocity_score
0.985417,57.0,32.0,0.0,57.0,70.0
0.995833,69.0,37.0,0.0,69.0,70.0
1.35,71.0,64.0,0.25,71.0,70.0
1.376042,59.0,46.0,0.25,59.0,70.0
1.68125,73.0,79.0,0.5,73.0,70.0
1.71875,61.0,51.0,0.5,61.0,70.0
2.144792,74.0,70.0,0.75,74.0,84.0
2.15,62.0,34.0,0.75,62.0,70.0
2.1625,50.0,34.0,0.75,50.0,70.0
2.178125,54.0,35.0,0.75,54.0,70.0
4.19375,73.0,55.0,2.0,73.0,70.0
4.317708,71.0,52.0,2.125,71.0,70.0
4.572917,69.0,41.0,2.25,69.0,70.0
4.584375,49.0,29.0,2.25,49.0,70.0
4.595833,52.0,20.0,2.25,52.0,70.0
4.604167,57.0,20.0,2.25,57.0,70.0
5.7875,69.0,50.0,3.0,69.0,70.0
6.130208,71.0,62.0,3.25,71.0,70.0
6.470833,67.0,60.0,3.5,67.0,70.0
6.807292,50.0,29.0,3.75,50.0,70.0
6.807292,54.0,38.0,3.75,54.0,70.0
6.808333,66.0,50.0,3.75,67.0,70.0
7.088542,66.0,50.0,3.84375,66.0,70.0
7.147917,64.0,49.0,3.9375,64.0,70.0
7.214583,66.0,52.0,4.03125,66.0,70.0
7.338542,52.0,37.0,4.125,52.0,70.0
7.339583,55.0,44.0,4.125,55.0,70.0
7.353125,67.0,54.0,4.125,67.0,70.0
7.557292,69.0,57.0,4.25,69.0,70.0
7.571875,57.0,30.0,4.25,57.0,70.0
7.585417,54.0,36.0,4.25,54.0,70.0
8.317708,71.0,59.0,4.75,71.0,70.0
8.34375,59.0,40.0,4.75,59.0,70.0
8.353125,52.0,38.0,4.75,52.0,70.0
8.353125,55.0,36.0,4.75,55.0,70.0
8.708333,73.0,73.0,5.0,73.0,70.0
8.728125,61.0,54.0,5.0,61.0,70.0
9.171875,55.0,40.0,5.25,55.0,70.0
9.179167,73.0,63.0,5.25,73.0,70.0
9.197917,61.0,41.0,5.25,61.0,70.0
9.198958,52.0,40.0,5.25,52.0,70.0
9.202083,50.0,35.0,5.25,50.0,70.0
10.186458,74.0,46.0,5.75,74.0,70.0
10.19375,54.0,38.0,5.75,54.0,70.0
10.202083,62.0,30.0,5.75,62.0,70.0
10.686458,74.0,59.0,6.0,74.0,70.0
10.714583,62.0,47.0,6.0,62.0,70.0
11.032292,78.0,73.0,6.25,78.0,70.0
11.040625,66.0,54.0,6.25,66.0,70.0
11.365625,81.0,79.0,6.5,81.0,70.0
11.389583,69.0,58.0,6.5,69.0,70.0
11.905208,55.0,36.0,6.75,55.0,70.0
11.908333,78.0,75.0,6.75,78.0,84.0
11.917708,57.0,42.0,6.75,57.0,70.0
11.9375,66.0,52.0,6.75,66.0,70.0
13.251042,76.0,55.0,7.5,76.0,70.0
13.26875,64.0,43.0,7.5,64.0,70.0
13.623958,71.0,62.0,7.75,71.0,70.0
13.641667,59.0,49.0,7.75,59.0,70.0
13.958333,73.0,78.0,8.0,73.0,70.0
13.970833,61.0,63.0,8.0,61.0,70.0
14.389583,54.0,41.0,8.25,54.0,70.0
14.390625,76.0,66.0,8.25,76.0,84.0
14.402083,57.0,35.0,8.25,57.0,70.0
14.40625,64.0,36.0,8.25,64.0,70.0
15.469792,74.0,45.0,9.0,74.0,70.0
15.488542,62.0,44.0,9.0,62.0,70.0
15.897917,54.0,37.0,9.25,54.0,70.0
15.916667,50.0,51.0,9.25,50.0,70.0
15.927083,66.0,44.0,9.25,66.0,70.0
16.289583,66.0,54.0,9.6875,66.0,70.0
16.385417,55.0,44.0,9.625,55.0,70.0
16.397917,52.0,43.0,9.625,52.0,70.0
16.397917,67.0,55.0,9.65625,67.0,70.0
16.6,69.0,57.0,9.625,69.0,70.0
16.667708,54.0,37.0,9.75,54.0,70.0
16.66875,57.0,34.0,9.75,57.0,70.0
16.672917,45.0,28.0,9.75,45.0,70.0
17.34375,67.0,48.0,10.25,67.0,70.0
17.344792,52.0,37.0,10.25,52.0,70.0
17.366667,55.0,29.0,10.25,55.0,70.0
17.383333,45.0,17.0,10.25,45.0,70.0
18.082292,64.0,38.0,10.75,64.0,70.0
18.084375,52.0,28.0,10.75,52.0,70.0
18.095833,45.0,14.0,10.75,45.0,70.0
18.098958,49.0,28.0,10.75,49.0,70.0
18.941667,62.0,30.0,11.25,62.0,70.0
18.954167,50.0,28.0,11.25,50.0,70.0
18.954167,54.0,29.0,11.25,54.0,70.0
18.983333,38.0,23.0,11.25,38.0,70.0
20.436458,66.0,38.0,12.0,66.0,70.0
20.453125,54.0,38.0,12.0,54.0,70.0
20.783333,67.0,61.0,12.25,67.0,70.0
20.797917,55.0,53.0,12.25,55.0,70.0
21.110417,69.0,71.0,12.5,69.0,70.0
21.141667,57.0,53.0,12.5,57.0,70.0
21.55625,71.0,67.0,12.75,71.0,84.0
21.563542,50.0,34.0,12.75,50.0,70.0
21.573958,59.0,45.0,12.75,59.0,70.0
21.592708,52.0,35.0,12.75,52.0,70.0
21.60625,43.0,28.0,12.75,43.0,70.0
23.030208,64.0,54.0,13.5,64.0,70.0
23.054167,52.0,34.0,13.5,52.0,70.0
23.782292,74.0,81.0,14.25,74.0,84.0
23.803125,62.0,56.0,14.25,62.0,70.0
23.808333,52.0,56.0,14.25,52.0,70.0
23.810417,44.0,60.0,14.25,44.0,70.0
24.8125,64.0,62.0,15.0,64.0,70.0
24.81875,52.0,54.0,15.0,52.0,70.0
25.151042,52.0,49.0,15.25,52.0,70.0
25.167708,64.0,68.0,15.25,64.0,70.0
25.885417,74.0,76.0,15.75,74.0,70.0
25.895833,45.0,45.0,15.75,45.0,70.0
25.915625,55.0,42.0,15.75,55.0,70.0
25.916667,64.0,46.0,15.75,64.0,70.0
26.651042,73.0,74.0,16.25,73.0,70.0
26.977083,74.0,80.0,16.5,74.0,70.0
26.995833,66.0,64.0,16.5,66.0,70.0
26.998958,54.0,49.0,16.5,54.0,70.0
27.317708,76.0,78.0,16.75,76.0,70.0
27.323958,52.0,49.0,16.75,52.0,70.0
27.3375,67.0,63.0,16.75,67.0,70.0
27.642708,73.0,82.0,17.0,73.0,70.0
27.664583,64.0,59.0,17.0,64.0,70.0
27.676042,57.0,50.0,17.0,57.0,70.0
28.04375,74.0,78.0,17.25,74.0,70.0
28.048958,50.0,45.0,17.25,50.0,70.0
28.072917,57.0,40.0,17.25,57.0,70.0
28.084375,66.0,46.0,17.25,66.0,70.0
28.859375,78.0,62.0,17.75,78.0,70.0
29.644792,69.0,45.0,18.25,69.0,60.0
29.655208,66.0,39.0,18.25,66.0,60.0
29.665625,50.0,27.0,18.25,50.0,60.0
29.66875,57.0,21.0,18.25,57.0,60.0
30.372917,69.0,44.0,18.75,69.0,60.0
30.3875,66.0,33.0,18.75,66.0,60.0
30.395833,57.0,18.0,18.75,57.0,60.0
30.401042,49.0,34.0,18.75,49.0,60.0
31.102083,67.0,41.0,19.25,67.0,60.0
31.103125,64.0,40.0,19.25,64.0,60.0
31.442708,69.0,51.0,19.5,69.0,60.0
31.452083,66.0,40.0,19.5,66.0,60.0
31.783333,71.0,52.0,19.75,71.0,60.0
31.807291999999997,45.0,36.0,19.75,45.0,60.0
31.808332999999998,57.0,35.0,19.75,57.0,60.0
31.825000000000003,67.0,39.0,19.75,67.0,60.0
32.125,67.0,51.0,20.0,67.0,60.0
32.15,64.0,39.0,20.0,64.0,60.0
32.526042,67.0,38.0,20.25,67.0,60.0
32.535417,50.0,32.0,20.25,50.0,60.0
32.535417,57.0,18.0,20.25,57.0,60.0
32.541667,69.0,47.0,20.25,69.0,60.0
33.329167,74.0,51.0,20.75,74.0,60.0
33.35625,66.0,30.0,20.75,66.0,60.0
34.072917,69.0,71.0,21.25,69.0,90.0
34.0875,54.0,60.0,21.25,54.0,90.0
34.429167,55.0,73.0,21.5,55.0,90.0
34.432292,71.0,83.0,21.5,71.0,90.0
34.859375,74.0,80.0,21.75,74.0,90.0
34.870833,55.0,64.0,21.75,55.0,90.0
34.879167,64.0,63.0,21.75,64.0,90.0
34.889583,45.0,49.0,21.75,45.0,90.0
35.608333,73.0,78.0,22.25,73.0,90.0
35.9375,54.0,58.0,22.5,54.0,90.0
35.938542,74.0,84.0,22.5,74.0,90.0
35.948958,66.0,67.0,22.5,66.0,90.0
36.269792,76.0,81.0,22.75,76.0,90.0
36.277083,52.0,62.0,22.75,52.0,90.0
36.2875,67.0,58.0,22.75,67.0,90.0
36.595833,73.0,84.0,23.0,73.0,90.0
36.6125,64.0,62.0,23.0,64.0,90.0
36.614583,57.0,59.0,23.0,57.0,90.0
37.004167,74.0,76.0,23.25,74.0,90.0
37.014583,50.0,47.0,23.25,50.0,90.0
37.016667,57.0,46.0,23.25,57.0,90.0
37.028125,66.0,54.0,23.25,66.0,90.0
37.852083,78.0,55.0,23.75,78.0,90.0
38.727083,69.0,43.0,24.25,69.0,70.0
38.741667,49.0,37.0,24.25,49.0,70.0
38.770833,57.0,19.0,24.25,57.0,70.0
38.775,64.0,31.0,24.25,64.0,70.0
39.115625,52.0,37.0,24.5,52.0,70.0
39.498958,69.0,36.0,24.75,69.0,70.0
39.546875,47.0,26.0,24.75,47.0,70.0
39.55,62.0,33.0,24.75,62.0,70.0
39.554167,54.0,32.0,24.75,54.0,70.0
40.316667,68.0,45.0,25.25,68.0,70.0
40.651042,69.0,48.0,25.5,69.0,70.0
40.665625,63.0,42.0,25.5,63.0,70.0
41.0125,73.0,52.0,25.75,73.0,70.0
41.035417,40.0,39.0,25.75,40.0,70.0
41.040625,64.0,32.0,25.75,64.0,70.0
41.073958,52.0,25.0,25.75,52.0,70.0
41.410417,68.0,37.0,26.0,68.0,70.0
41.415625,71.0,45.0,26.0,71.0,70.0
41.420833,50.0,41.0,26.0,50.0,70.0
41.890625,45.0,33.0,26.25,45.0,70.0
41.890625,69.0,38.0,26.25,69.0,70.0
41.927083,49.0,25.0,26.25,49.0,70.0
43.427083,57.0,26.0,27.0,57.0,70.0
43.428125,69.0,43.0,27.0,69.0,70.0
43.796875,59.0,47.0,27.25,59.0,70.0
43.796875,71.0,62.0,27.25,71.0,70.0
44.109375,73.0,75.0,27.5,73.0,70.0
44.133333,61.0,59.0,27.5,61.0,70.0
44.505208,74.0,81.0,27.75,74.0,84.0
44.536458,62.0,56.0,27.75,62.0,70.0
45.317708,50.0,57.0,28.25,50.0,84.0
45.327083,54.0,61.0,28.25,54.0,84.0
46.645833,73.0,51.0,29.0,73.0,70.0
46.751042,71.0,53.0,29.125,71.0,70.0
46.967708,69.0,45.0,29.25,69.0,84.0
46.990625,57.0,36.0,29.25,57.0,70.0
47.778125,49.0,40.0,29.75,49.0,84.0
47.782292,52.0,43.0,29.75,52.0,84.0
48.238542,69.0,44.0,30.0,69.0,70.0
48.572917,71.0,59.0,30.25,71.0,70.0
48.860417,67.0,59.0,30.5,67.0,70.0
49.186458,66.0,50.0,30.75,67.0,70.0
49.1875,50.0,32.0,30.75,50.0,70.0
49.198958,54.0,37.0,30.75,54.0,70.0
49.442708,66.0,53.0,30.84375,66.0,70.0
49.498958,64.0,47.0,30.9375,64.0,70.0
49.588542,66.0,59.0,31.03125,66.0,70.0
49.688542,52.0,45.0,31.125,52.0,70.0
49.689583,55.0,42.0,31.125,55.0,70.0
49.707292,67.0,56.0,31.125,67.0,70.0
49.871875,69.0,61.0,31.25,69.0,70.0
49.896875,54.0,43.0,31.25,54.0,70.0
49.9,57.0,35.0,31.25,57.0,70.0
50.61875,71.0,64.0,31.75,71.0,70.0
50.640625,52.0,42.0,31.75,52.0,70.0
50.640625,59.0,46.0,31.75,59.0,70.0
50.652083,55.0,37.0,31.75,55.0,70.0
50.984375,73.0,78.0,32.0,73.0,70.0
50.9875,61.0,59.0,32.0,61.0,70.0
51.436458,55.0,35.0,32.25,55.0,70.0
51.453125,61.0,39.0,32.25,61.0,70.0
51.453125,73.0,64.0,32.25,73.0,70.0
51.457292,50.0,39.0,32.25,50.0,70.0
51.478125,52.0,39.0,32.25,52.0,70.0
52.414583,74.0,43.0,32.75,74.0,70.0
52.428125,54.0,26.0,32.75,54.0,70.0
52.439583,62.0,28.0,32.75,62.0,70.0
52.871875,74.0,61.0,33.0,74.0,70.0
52.9125,62.0,46.0,33.0,62.0,70.0
53.209375,78.0,76.0,33.25,78.0,70.0
53.227083,66.0,59.0,33.25,66.0,70.0
53.535417,81.0,79.0,33.5,81.0,70.0
53.578125,69.0,56.0,33.5,69.0,70.0
54.005208,78.0,75.0,33.75,78.0,84.0
54.021875,55.0,47.0,33.75,55.0,70.0
54.0375,57.0,47.0,33.75,57.0,70.0
54.041667,66.0,44.0,33.75,66.0,70.0
55.209375,76.0,56.0,34.5,76.0,70.0
55.225,64.0,42.0,34.5,64.0,70.0
55.55,71.0,62.0,34.75,71.0,70.0
55.572917,59.0,45.0,34.75,59.0,70.0
55.870833,73.0,71.0,35.0,73.0,70.0
55.889583,61.0,49.0,35.0,61.0,70.0
56.316667,76.0,60.0,35.25,76.0,84.0
56.317708,57.0,27.0,35.25,57.0,70.0
56.320833,54.0,36.0,35.25,54.0,70.0
56.325,64.0,39.0,35.25,64.0,70.0
57.397917,74.0,41.0,36.0,74.0,70.0
57.43125,62.0,35.0,36.0,62.0,70.0
57.772917,54.0,29.0,36.25,54.0,70.0
57.803125,66.0,41.0,36.25,67.0,70.0
57.811458,50.0,33.0,36.25,50.0,70.0
58.032292,66.0,57.0,36.34375,66.0,70.0
58.110417,64.0,49.0,36.4375,64.0,70.0
58.16875,66.0,57.0,36.53125,66.0,70.0
58.229167,55.0,49.0,36.625,55.0,70.0
58.235417,52.0,42.0,36.625,52.0,70.0
58.275,67.0,56.0,36.625,67.0,70.0
58.470833,69.0,55.0,36.75,69.0,70.0
58.484375,45.0,38.0,36.75,45.0,70.0
58.495833,57.0,37.0,36.75,57.0,70.0
58.504167,54.0,41.0,36.75,54.0,70.0
59.182292,52.0,33.0,37.25,52.0,70.0
59.188542,67.0,42.0,37.25,67.0,70.0
59.189583,55.0,26.0,37.25,55.0,70.0
59.209375,45.0,31.0,37.25,45.0,70.0
59.963542,64.0,42.0,37.75,64.0,70.0
59.967708,49.0,36.0,37.75,49.0,70.0
59.989583,52.0,25.0,37.75,52.0,70.0
60.001042,45.0,22.0,37.75,45.0,70.0
60.8,74.0,84.0,38.25,74.0,70.0
60.835417,62.0,44.0,38.25,62.0,70.0
60.8375,50.0,44.0,38.25,50.0,70.0
60.844792,54.0,49.0,38.25,54.0,70.0
61.914583,61.0,42.0,39.0,61.0,60.0
61.928125,73.0,57.0,39.0,73.0,60.0
61.938542,52.0,43.0,39.0,52.0,60.0
62.248958,54.0,48.0,39.25,54.0,60.0
62.254167,62.0,46.0,39.25,62.0,60.0
62.265625,74.0,62.0,39.25,74.0,60.0
62.592708,55.0,44.0,39.5,55.0,60.0
62.598958,59.0,42.0,39.5,59.0,60.0
62.604167,71.0,55.0,39.5,71.0,60.0
62.967708,57.0,29.0,39.75,57.0,60.0
62.96875,69.0,47.0,39.75,69.0,60.0
62.970833,45.0,38.0,39.75,45.0,60.0
62.98125,54.0,40.0,39.75,54.0,60.0
63.728125000000006,55.0,39.0,40.25,55.0,60.0
63.729167000000004,67.0,45.0,40.25,67.0,60.0
63.736458,52.0,41.0,40.25,52.0,60.0
63.744792000000004,45.0,36.0,40.25,45.0,60.0
64.473958,64.0,50.0,40.75,64.0,60.0
64.480208,49.0,48.0,40.75,49.0,60.0
64.489583,52.0,43.0,40.75,52.0,60.0
64.490625,45.0,36.0,40.75,45.0,60.0
65.402083,78.0,85.0,41.25,78.0,60.0
65.422917,66.0,58.0,41.25,66.0,60.0
65.447917,62.0,43.0,41.25,62.0,60.0
65.45,50.0,46.0,41.25,50.0,60.0
65.457292,57.0,44.0,41.25,57.0,60.0
66.809375,64.0,39.0,42.0,64.0,60.0
66.809375,76.0,56.0,42.0,76.0,60.0
66.821875,58.0,43.0,42.0,58.0,60.0
66.835417,54.0,43.0,42.0,54.0,60.0
67.152083,74.0,64.0,42.25,74.0,60.0
67.15625,55.0,49.0,42.25,55.0,60.0
67.172917,62.0,44.0,42.25,62.0,60.0
67.18125,59.0,45.0,42.25,59.0,60.0
67.485417,71.0,60.0,42.5,71.0,60.0
67.501042,62.0,40.0,42.5,62.0,60.0
67.508333,56.0,47.0,42.5,56.0,60.0
67.510417,65.0,48.0,42.5,65.0,60.0
67.873958,57.0,34.0,42.75,57.0,60.0
67.877083,62.0,26.0,42.75,62.0,60.0
67.880208,66.0,37.0,42.75,66.0,60.0
67.88125,69.0,50.0,42.75,69.0,60.0
68.639583,67.0,42.0,43.25,67.0,60.0
68.640625,57.0,28.0,43.25,57.0,60.0
68.654167,45.0,31.0,43.25,45.0,60.0
68.657292,64.0,29.0,43.25,64.0,60.0
69.416667,64.0,32.0,43.75,64.0,60.0
69.432292,55.0,30.0,43.75,55.0,60.0
69.44375,45.0,31.0,43.75,45.0,60.0
69.455208,61.0,20.0,43.75,61.0,60.0
70.352083,62.0,28.0,44.25,62.0,60.0
70.35625,50.0,20.0,44.25,50.0,60.0
70.360417,54.0,21.0,44.25,54.0,60.0
72.202083,78.0,97.0,45.5,78.0,110.0
72.210417,54.0,97.0,45.5,54.0,110.0
72.216667,42.0,86.0,45.5,42.0,110.0
72.552083,47.0,98.0,45.75,47.0,110.0
72.552083,74.0,92.0,45.75,74.0,110.0
72.55625,71.0,106.0,45.75,71.0,110.0
72.55625,83.0,97.0,45.75,83.0,110.0
72.557292,35.0,87.0,45.75,35.0,110.0
72.560417,78.0,93.0,45.75,78.0,110.0
73.296875,66.0,85.0,46.25,66.0,110.0
73.296875,71.0,86.0,46.25,71.0,110.0
73.297917,62.0,83.0,46.25,62.0,110.0
73.302083,59.0,81.0,46.25,59.0,110.0
73.313542,54.0,69.0,46.25,54.0,110.0
73.316667,50.0,64.0,46.25,50.0,110.0
73.320833,47.0,67.0,46.25,47.0,110.0
74.311458,47.0,95.0,47.0,47.0,110.0
74.3125,83.0,96.0,47.0,83.0,110.0
74.314583,78.0,91.0,47.0,78.0,110.0
74.316667,74.0,96.0,47.0,74.0,110.0
74.317708,35.0,76.0,47.0,35.0,110.0
74.6625,83.0,62.0,47.25,83.0,110.0
74.666667,52.0,99.0,47.25,52.0,110.0
74.666667,85.0,99.0,47.25,85.0,110.0
74.667708,73.0,105.0,47.25,73.0,110.0
74.670833,79.0,78.0,47.25,79.0,110.0
74.673958,40.0,78.0,47.25,40.0,110.0
75.428125,61.0,95.0,47.75,61.0,110.0
75.435417,71.0,77.0,47.75,71.0,110.0
75.435417,73.0,93.0,47.75,73.0,110.0
75.438542,52.0,69.0,47.75,52.0,110.0
75.438542,67.0,82.0,47.75,67.0,110.0
75.44375,59.0,74.0,47.75,59.0,110.0
75.454167,55.0,59.0,47.75,55.0,110.0
76.426042,73.0,93.0,48.5,73.0,110.0
76.427083,40.0,90.0,48.5,40.0,110.0
76.43125,71.0,92.0,48.5,71.0,110.0
76.433333,28.0,79.0,48.5,28.0,110.0
76.772917,70.0,92.0,48.75,70.0,110.0
76.777083,79.0,93.0,48.75,79.0,110.0
76.779167,76.0,85.0,48.75,76.0,110.0
76.782292,42.0,93.0,48.75,42.0,110.0
76.789583,30.0,82.0,48.75,30.0,110.0
77.139583,79.0,74.0,49.0,79.0,110.0
77.144792,70.0,74.0,49.0,70.0,110.0
77.154167,30.0,69.0,49.0,30.0,110.0
77.155208,42.0,64.0,49.0,42.0,110.0
77.158333,76.0,70.0,49.0,76.0,110.0
77.271875,42.0,74.0,49.125,42.0,110.0
77.272917,79.0,75.0,49.125,79.0,110.0
77.280208,70.0,80.0,49.125,70.0,110.0
77.286458,76.0,72.0,49.125,76.0,110.0
77.296875,30.0,68.0,49.125,30.0,110.0
77.416667,78.0,94.0,49.25,78.0,110.0
77.417708,71.0,90.0,49.25,71.0,110.0
77.417708,74.0,84.0,49.25,74.0,110.0
77.41875,44.0,91.0,49.25,44.0,110.0
77.426042,32.0,76.0,49.25,32.0,110.0
77.747917,78.0,79.0,49.5,78.0,110.0
77.759375,71.0,66.0,49.5,71.0,110.0
77.759375,74.0,80.0,49.5,74.0,110.0
77.760417,44.0,71.0,49.5,44.0,110.0
77.765625,32.0,60.0,49.5,32.0,110.0
77.883333,44.0,65.0,49.625,44.0,110.0
77.885417,78.0,76.0,49.625,78.0,110.0
77.892708,74.0,78.0,49.625,74.0,110.0
77.897917,71.0,71.0,49.625,71.0,110.0
77.904167,32.0,73.0,49.625,32.0,110.0
78.0375,73.0,84.0,49.75,73.0,110.0
78.0375,76.0,90.0,49.75,76.0,110.0
78.040625,46.0,87.0,49.75,46.0,110.0
78.045833,66.0,77.0,49.75,66.0,110.0
78.047917,34.0,80.0,49.75,34.0,110.0
78.365625,76.0,78.0,50.0,76.0,110.0
78.366667,66.0,75.0,50.0,66.0,110.0
78.370833,73.0,69.0,50.0,73.0,110.0
78.380208,46.0,73.0,50.0,46.0,110.0
78.395833,34.0,53.0,50.0,34.0,110.0
78.502083,46.0,74.0,50.125,46.0,110.0
78.504167,76.0,79.0,50.125,76.0,110.0
78.5125,66.0,82.0,50.125,66.0,110.0
78.515625,73.0,77.0,50.125,73.0,110.0
78.53125,34.0,70.0,50.125,34.0,110.0
78.655208,76.0,87.0,50.25,76.0,110.0
78.65625,66.0,97.0,50.25,66.0,110.0
78.658333,73.0,75.0,50.25,73.0,110.0
78.6625,47.0,85.0,50.25,47.0,110.0
78.670833,35.0,71.0,50.25,35.0,110.0
78.804167,71.0,79.0,50.375,71.0,110.0
78.804167,74.0,89.0,50.375,74.0,110.0
78.948958,73.0,93.0,50.5,73.0,110.0
78.966667,70.0,78.0,50.5,70.0,110.0
79.073958,71.0,73.0,50.625,71.0,110.0
79.084375,74.0,89.0,50.625,74.0,110.0
79.095833,50.0,85.0,50.625,50.0,110.0
79.102083,38.0,77.0,50.625,38.0,110.0
79.260417,70.0,80.0,50.75,70.0,110.0
79.260417,73.0,92.0,50.75,73.0,110.0
79.265625,66.0,87.0,50.75,66.0,110.0
79.270833,54.0,97.0,50.75,54.0,110.0
79.277083,42.0,88.0,50.75,42.0,110.0
80.228125,85.0,101.0,51.5,85.0,110.0
80.616667,47.0,84.0,51.75,47.0,110.0
80.625,35.0,69.0,51.75,35.0,110.0
80.63125,86.0,96.0,51.75,86.0,110.0
80.897917,80.0,79.0,51.875,80.0,110.0
81.0375,83.0,95.0,52.0,83.0,110.0
81.191667,77.0,80.0,52.125,77.0,110.0
81.302083,62.0,84.0,52.25,62.0,110.0
81.304167,53.0,77.0,52.25,53.0,110.0
81.307292,80.0,94.0,52.25,80.0,110.0
81.3125,56.0,73.0,52.25,56.0,110.0
81.316667,59.0,66.0,52.25,59.0,110.0
81.457292,74.0,85.0,52.375,74.0,110.0
81.592708,77.0,88.0,52.5,77.0,110.0
81.75,71.0,77.0,52.625,71.0,110.0
81.879167,74.0,98.0,52.75,74.0,110.0
82.017708,68.0,81.0,52.875,68.0,110.0
82.152083,71.0,88.0,53.0,71.0,110.0
82.301042,65.0,80.0,53.125,65.0,110.0
82.463542,45.0,87.0,53.25,45.0,110.0
82.470833,33.0,73.0,53.25,33.0,110.0
82.489583,85.0,98.0,53.25,85.0,110.0
82.691667,78.0,72.0,53.375,78.0,110.0
82.839583,81.0,92.0,53.5,81.0,110.0
82.966667,73.0,90.0,53.625,73.0,110.0
83.104167,78.0,96.0,53.75,78.0,110.0
83.120833,61.0,88.0,53.75,61.0,110.0
83.130208,54.0,72.0,53.75,54.0,110.0
83.130208,57.0,67.0,53.75,57.0,110.0
83.233333,69.0,60.0,53.875,69.0,110.0
83.366667,73.0,88.0,54.0,73.0,110.0
83.526042,66.0,74.0,54.125,66.0,110.0
83.672917,69.0,87.0,54.25,69.0,110.0
83.807292,61.0,82.0,54.375,61.0,110.0
84.236458,66.0,88.0,54.5,66.0,110.0
84.6375,59.0,59.0,54.625,57.0,110.0
84.822917,78.0,96.0,54.75,78.0,110.0
84.841667,66.0,83.0,54.75,66.0,110.0
84.984375,59.0,71.0,54.875,59.0,110.0
84.985417,71.0,82.0,54.875,71.0,110.0
85.072917,62.0,49.0,55.0,62.0,110.0
85.130208,74.0,95.0,55.0,74.0,110.0
85.241667,56.0,74.0,55.125,56.0,110.0
85.264583,68.0,78.0,55.125,68.0,110.0
85.407292,59.0,76.0,55.25,59.0,110.0
85.408333,71.0,93.0,55.25,71.0,110.0
85.535417,54.0,70.0,55.375,54.0,110.0
85.547917,66.0,77.0,55.375,66.0,110.0
85.697917,68.0,88.0,55.5,68.0,110.0
85.705208,56.0,73.0,55.5,56.0,110.0
85.777083,50.0,69.0,55.625,50.0,110.0
85.830208,62.0,67.0,55.625,62.0,110.0
85.958333,54.0,82.0,55.75,54.0,110.0
85.963542,66.0,91.0,55.75,66.0,110.0
86.083333,47.0,66.0,55.875,47.0,110.0
86.1,59.0,79.0,55.875,59.0,110.0
86.21875,50.0,69.0,56.0,50.0,110.0
86.244792,62.0,85.0,56.0,62.0,110.0
86.352083,44.0,75.0,56.125,44.0,110.0
86.370833,56.0,89.0,56.125,56.0,110.0
86.521875,57.0,86.0,56.25,57.0,110.0
86.542708,45.0,73.0,56.25,45.0,110.0
86.597917,59.0,79.0,56.34375,59.0,110.0
86.691667,47.0,76.0,56.34375,47.0,110.0
86.691667,57.0,76.0,56.4375,57.0,110.0
86.758333,59.0,67.0,56.53125,59.0,110.0
86.808333,45.0,70.0,56.4375,45.0,110.0
86.835417,57.0,77.0,56.53125,47.0,110.0
86.941667,47.0,74.0,56.625,47.0,110.0
86.96875,59.0,90.0,56.625,59.0,110.0
87.116667,49.0,102.0,56.75,49.0,110.0
87.119792,61.0,96.0,56.75,61.0,110.0
87.769792,77.0,96.0,57.25,77.0,110.0
87.772917,68.0,84.0,57.25,68.0,110.0
87.775,65.0,89.0,57.25,65.0,110.0
87.777083,73.0,87.0,57.25,73.0,110.0
87.785417,49.0,93.0,57.25,49.0,110.0
87.795833,37.0,76.0,57.25,37.0,110.0
88.469792,78.0,96.0,57.75,78.0,110.0
88.470833,66.0,94.0,57.75,66.0,110.0
88.472917,69.0,78.0,57.75,69.0,110.0
88.475,42.0,92.0,57.75,42.0,110.0
88.475,73.0,83.0,57.75,73.0,110.0
88.484375,30.0,80.0,57.75,30.0,110.0
89.270833,66.0,91.0,58.25,66.0,110.0
89.272917,54.0,93.0,58.25,54.0,110.0
89.28125,42.0,77.0,58.25,42.0,110.0
90.714583,85.0,59.0,59.0,85.0,60.0
90.71875,73.0,49.0,59.0,73.0,60.0
91.154167,47.0,21.0,59.25,47.0,60.0
91.205208,86.0,65.0,59.25,86.0,72.0
91.210417,74.0,51.0,59.25,74.0,72.0
91.464583,50.0,40.0,59.375,50.0,60.0
91.685417,55.0,40.0,59.5,55.0,60.0
91.79375,50.0,40.0,59.625,50.0,60.0
91.959375,79.0,59.0,59.75,79.0,60.0
91.980208,67.0,44.0,59.75,67.0,60.0
92.0,47.0,42.0,59.75,47.0,60.0
92.127083,50.0,35.0,59.875,50.0,60.0
92.302083,55.0,45.0,60.0,55.0,60.0
92.447917,50.0,39.0,60.125,50.0,60.0
92.610417,47.0,42.0,60.25,47.0,60.0
92.776042,50.0,48.0,60.375,50.0,60.0
92.927083,86.0,69.0,60.5,86.0,60.0
92.93125,74.0,55.0,60.5,74.0,60.0
92.94375,55.0,43.0,60.5,55.0,60.0
93.089583,50.0,46.0,60.625,50.0,60.0
93.29375,45.0,32.0,60.75,45.0,60.0
93.45,49.0,41.0,60.875,49.0,60.0
93.639583,54.0,46.0,61.0,54.0,60.0
93.766667,49.0,48.0,61.125,49.0,60.0
93.955208,78.0,56.0,61.25,78.0,60.0
93.963542,66.0,47.0,61.25,66.0,60.0
93.977083,45.0,31.0,61.25,45.0,60.0
94.123958,49.0,37.0,61.375,49.0,60.0
94.301042,54.0,40.0,61.5,54.0,60.0
94.455208,49.0,51.0,61.625,49.0,60.0
94.647917,45.0,30.0,61.75,45.0,60.0
94.771875,49.0,50.0,61.875,49.0,60.0
94.935417,78.0,63.0,62.0,78.0,60.0
94.941667,66.0,56.0,62.0,66.0,60.0
94.952083,54.0,39.0,62.0,54.0,60.0
95.09375,49.0,37.0,62.125,49.0,60.0
95.289583,44.0,43.0,62.25,44.0,60.0
95.308333,77.0,58.0,62.25,77.0,60.0
95.327083,65.0,48.0,62.25,65.0,60.0
95.5125,47.0,38.0,62.375,47.0,60.0
95.670833,53.0,46.0,62.5,53.0,60.0
95.683333,85.0,68.0,62.5,85.0,60.0
95.689583,73.0,57.0,62.5,73.0,60.0
95.820833,47.0,48.0,62.625,47.0,60.0
95.967708,44.0,53.0,62.75,44.0,60.0
95.997917,85.0,76.0,62.75,85.0,60.0
96.001042,73.0,60.0,62.75,73.0,60.0
96.140625,47.0,56.0,62.875,47.0,60.0
96.308333,53.0,55.0,63.0,53.0,60.0
96.332292,85.0,74.0,63.0,85.0,60.0
96.342708,73.0,58.0,63.0,73.0,60.0
96.442708,47.0,50.0,63.125,47.0,60.0
96.622917,44.0,43.0,63.25,44.0,60.0
96.651042,85.0,68.0,63.25,85.0,60.0
96.66875,73.0,55.0,63.25,73.0,60.0
96.783333,47.0,46.0,63.375,47.0,58.0
96.988542,53.0,39.0,63.5,53.0,55.0
97.010417,85.0,57.0,63.5,85.0,55.0
97.032292,73.0,45.0,63.5,73.0,55.0
97.15625,47.0,34.0,63.625,47.0,53.0
97.407292,45.0,26.0,63.75,45.0,50.0
97.460417,73.0,46.0,63.75,73.0,50.0
97.460417,85.0,57.0,63.75,85.0,50.0
97.6625,49.0,40.0,63.875,49.0,50.0
97.860417,54.0,45.0,64.0,54.0,50.0
97.990625,49.0,51.0,64.125,49.0,50.0
98.155208,45.0,43.0,64.25,45.0,50.0
98.304167,49.0,50.0,64.375,49.0,50.0
98.455208,83.0,73.0,64.5,83.0,50.0
98.480208,54.0,43.0,64.5,54.0,50.0
98.594792,49.0,51.0,64.625,49.0,50.0
98.610417,73.0,59.0,64.625,73.0,50.0
98.610417,85.0,70.0,64.625,85.0,50.0
98.782292,47.0,42.0,64.75,47.0,50.0
98.814583,86.0,68.0,64.75,86.0,50.0
98.832292,74.0,57.0,64.75,74.0,50.0
98.985417,50.0,45.0,64.875,50.0,50.0
99.130208,55.0,53.0,65.0,55.0,50.0
99.134375,85.0,66.0,65.0,85.0,50.0
99.145833,73.0,55.0,65.0,73.0,50.0
99.266667,50.0,41.0,65.125,50.0,50.0
99.295833,83.0,73.0,65.125,83.0,50.0
99.298958,71.0,60.0,65.125,71.0,50.0
99.511458,81.0,62.0,65.25,81.0,50.0
99.522917,49.0,47.0,65.25,49.0,50.0
99.522917,69.0,48.0,65.25,69.0,50.0
99.730208,54.0,45.0,65.375,54.0,50.0
99.873958,57.0,44.0,65.5,57.0,50.0
100.020833,54.0,43.0,65.625,54.0,50.0
100.179167,49.0,42.0,65.75,49.0,50.0
100.377083,54.0,37.0,65.875,54.0,50.0
100.539583,57.0,42.0,66.0,57.0,50.0
100.707292,54.0,36.0,66.125,54.0,50.0
100.865625,49.0,35.0,66.25,49.0,50.0
100.86875,80.0,45.0,66.25,80.0,50.0
100.876042,68.0,40.0,66.25,68.0,50.0
101.080208,53.0,43.0,66.375,53.0,50.0
101.290625,56.0,40.0,66.5,56.0,50.0
101.535417,53.0,35.0,66.625,53.0,50.0
101.85,46.0,27.0,66.75,46.0,50.0
101.915625,85.0,53.0,66.75,85.0,50.0
101.923958,73.0,37.0,66.75,73.0,50.0
102.146875,49.0,41.0,66.875,49.0,50.0
102.330208,54.0,39.0,67.0,54.0,50.0
102.46875,49.0,40.0,67.125,49.0,50.0
102.654167,46.0,36.0,67.25,46.0,50.0
102.796875,49.0,46.0,67.375,49.0,50.0
102.989583,84.0,65.0,67.5,84.0,50.0
102.997917,54.0,35.0,67.5,54.0,50.0
103.015625,72.0,41.0,67.5,72.0,50.0
103.120833,49.0,38.0,67.625,49.0,50.0
103.145833,85.0,72.0,67.625,85.0,50.0
103.160417,73.0,51.0,67.625,73.0,50.0
103.332292,47.0,39.0,67.75,47.0,50.0
103.3375,87.0,65.0,67.75,87.0,50.0
103.363542,75.0,39.0,67.75,75.0,50.0
103.521875,51.0,34.0,67.875,51.0,50.0
103.702083,89.0,63.0,68.0,89.0,50.0
103.709375,77.0,49.0,68.0,77.0,50.0
103.717708,54.0,39.0,68.0,54.0,50.0
103.896875,90.0,61.0,68.125,90.0,50.0
103.904167,51.0,33.0,68.125,51.0,50.0
104.195833,49.0,40.0,68.25,49.0,50.0
104.21875,82.0,55.0,68.25,82.0,50.0
104.236458,70.0,40.0,68.25,70.0,50.0
104.446875,54.0,32.0,68.375,54.0,50.0
104.610417,58.0,44.0,68.5,58.0,50.0
104.751042,54.0,45.0,68.625,54.0,50.0
104.902083,49.0,46.0,68.75,49.0,50.0
105.072917,54.0,49.0,68.875,54.0,50.0
105.2125,83.0,65.0,69.0,83.0,50.0
105.234375,71.0,40.0,69.0,71.0,50.0
105.25,58.0,44.0,69.0,58.0,50.0
105.372917,54.0,41.0,69.125,54.0,50.0
105.376042,85.0,64.0,69.125,85.0,50.0
105.380208,73.0,58.0,69.125,73.0,50.0
105.571875,71.0,42.0,69.25,71.0,50.0
105.575,49.0,39.0,69.25,49.0,50.0
105.588542,83.0,44.0,69.25,83.0,50.0
105.714583,53.0,43.0,69.375,53.0,50.0
105.892708,82.0,61.0,69.5,82.0,50.0
105.905208,70.0,50.0,69.5,70.0,50.0
105.915625,59.0,34.0,69.5,59.0,50.0
106.061458,53.0,40.0,69.625,53.0,50.0
106.079167,80.0,65.0,69.625,80.0,50.0
106.088542,68.0,54.0,69.625,68.0,50.0
106.353125,78.0,47.0,69.75,78.0,50.0
106.385417,58.0,31.0,69.75,58.0,50.0
106.407292,54.0,25.0,69.75,54.0,50.0
106.920833,73.0,60.0,70.0,73.0,50.0
106.942708,66.0,41.0,70.0,66.0,50.0
106.94375,49.0,39.0,70.0,49.0,50.0
106.9625,58.0,28.0,70.0,58.0,50.0
107.302083,75.0,67.0,70.25,75.0,50.0
107.316667,66.0,41.0,70.25,66.0,50.0
107.320833,49.0,47.0,70.25,49.0,50.0
107.335417,59.0,39.0,70.25,59.0,50.0
107.65,73.0,72.0,70.5,73.0,50.0
107.672917,66.0,45.0,70.5,66.0,50.0
107.682292,58.0,48.0,70.5,58.0,50.0
107.695833,49.0,36.0,70.5,49.0,50.0
107.994792,73.0,61.0,70.75,73.0,50.0
107.995833,56.0,43.0,70.75,56.0,50.0
107.995833,66.0,43.0,70.75,66.0,50.0
108.004167,49.0,38.0,70.75,49.0,50.0
108.31875,49.0,44.0,71.0,49.0,50.0
108.341667,59.0,39.0,71.0,59.0,50.0
108.342708,73.0,58.0,71.0,73.0,50.0
108.347917,65.0,42.0,71.0,65.0,50.0
108.688542,54.0,50.0,71.25,54.0,50.0
108.696875,73.0,55.0,71.25,73.0,50.0
108.723958,66.0,43.0,71.25,66.0,50.0
109.047917,66.0,39.0,71.5,66.0,50.0
109.051042,73.0,54.0,71.5,73.0,50.0
109.057292,58.0,37.0,71.5,58.0,50.0
109.078125,49.0,40.0,71.5,49.0,50.0
109.439583,75.0,46.0,71.75,75.0,60.0
109.442708,66.0,28.0,71.75,66.0,50.0
109.442708,78.0,49.0,71.75,78.0,60.0
109.447917,49.0,38.0,71.75,49.0,50.0
109.457292,59.0,34.0,71.75,59.0,50.0
109.897917,73.0,56.0,72.0,73.0,50.0
109.914583,58.0,40.0,72.0,58.0,50.0
109.915625,49.0,31.0,72.0,49.0,50.0
109.922917,66.0,38.0,72.0,66.0,50.0
110.220833,66.0,48.0,72.25,66.0,50.0
110.225,73.0,54.0,72.25,73.0,50.0
110.239583,56.0,29.0,72.25,56.0,50.0
110.259375,49.0,32.0,72.25,49.0,50.0
110.359375,65.0,53.0,72.375,65.0,50.0
110.508333,49.0,29.0,72.5,49.0,50.0
110.510417,73.0,62.0,72.5,73.0,50.0
110.515625,66.0,50.0,72.5,66.0,50.0
110.535417,59.0,40.0,72.5,59.0,50.0
110.678125,68.0,54.0,72.625,68.0,50.0
110.841667,73.0,52.0,72.75,73.0,50.0
110.852083,66.0,43.0,72.75,66.0,50.0
110.85625,54.0,38.0,72.75,54.0,50.0
110.866667,58.0,40.0,72.75,58.0,50.0
111.165625,56.0,41.0,73.0,56.0,50.0
111.165625,73.0,40.0,73.0,73.0,50.0
111.172917,65.0,45.0,73.0,65.0,50.0
111.183333,49.0,36.0,73.0,49.0,50.0
111.484375,73.0,37.0,73.25,73.0,50.0
111.5,66.0,46.0,73.25,66.0,50.0
111.508333,58.0,42.0,73.25,58.0,50.0
111.527083,54.0,34.0,73.25,54.0,50.0
111.822917,70.0,50.0,73.5,70.0,50.0
111.841667,49.0,40.0,73.5,49.0,50.0
111.863542,65.0,38.0,73.5,65.0,50.0
111.866667,59.0,30.0,73.5,59.0,50.0
111.875,68.0,44.0,73.5,68.0,50.0
112.234375,66.0,37.0,73.75,66.0,50.0
112.235417,73.0,49.0,73.75,73.0,50.0
112.248958,54.0,37.0,73.75,54.0,50.0
112.65625,54.0,97.0,74.0,54.0,110.0
112.666667,42.0,91.0,74.0,42.0,110.0
113.020833,52.0,103.0,74.25,52.0,110.0
113.029167,40.0,90.0,74.25,40.0,110.0
113.339583,66.0,100.0,74.5,66.0,110.0
113.342708,78.0,96.0,74.5,78.0,110.0
113.688542,70.0,86.0,74.75,69.0,110.0
113.688542,79.0,93.0,74.75,79.0,110.0
113.689583,67.0,93.0,74.75,67.0,110.0
113.691667,73.0,85.0,74.75,73.0,110.0
113.69375,64.0,99.0,74.75,64.0,110.0
113.698958,52.0,80.0,74.75,52.0,110.0
114.34375,58.0,91.0,75.25,58.0,110.0
114.347917,61.0,79.0,75.25,61.0,110.0
114.347917,67.0,86.0,75.25,67.0,110.0
114.685417,52.0,93.0,75.5,52.0,110.0
114.689583,40.0,77.0,75.5,40.0,110.0
115.009375,50.0,100.0,75.75,50.0,110.0
115.015625,38.0,84.0,75.75,38.0,110.0
115.325,70.0,100.0,76.0,70.0,110.0
115.328125,82.0,94.0,76.0,82.0,110.0
115.329167,79.0,77.0,76.0,79.0,110.0
115.342708,74.0,71.0,76.0,74.0,110.0
115.682292,83.0,98.0,76.25,83.0,110.0
115.686458,71.0,94.0,76.25,71.0,110.0
115.6875,74.0,84.0,76.25,74.0,110.0
115.688542,79.0,72.0,76.25,79.0,110.0
115.692708,62.0,96.0,76.25,62.0,110.0
115.698958,50.0,81.0,76.25,50.0,110.0
116.316667,59.0,93.0,76.75,59.0,110.0
116.317708,71.0,90.0,76.75,71.0,110.0
116.31875,62.0,75.0,76.75,62.0,110.0
116.322917,67.0,82.0,76.75,67.0,110.0
116.69375,54.0,91.0,77.0,49.0,110.0
116.7,44.0,77.0,77.0,37.0,110.0
116.998958,48.0,90.0,77.25,50.0,110.0
117.025,38.0,70.0,77.25,38.0,110.0
117.310417,73.0,105.0,77.5,73.0,110.0
117.310417,85.0,98.0,77.5,85.0,110.0
117.63125,81.0,85.0,77.75,81.0,110.0
117.63125,86.0,96.0,77.75,86.0,110.0
117.634375,74.0,93.0,77.75,74.0,110.0
117.634375,78.0,84.0,77.75,78.0,110.0
117.639583,72.0,91.0,77.75,72.0,110.0
117.665625,62.0,86.0,77.75,62.0,110.0
117.673958,50.0,70.0,77.75,50.0,110.0
118.229167,74.0,95.0,78.25,74.0,110.0
118.230208,69.0,76.0,78.25,69.0,110.0
118.233333,66.0,75.0,78.25,66.0,110.0
118.235417,60.0,84.0,78.25,60.0,110.0
118.235417,62.0,79.0,78.25,62.0,110.0
118.577083,50.0,97.0,78.5,50.0,110.0
118.580208,38.0,84.0,78.5,38.0,110.0
118.901042,43.0,95.0,78.75,43.0,110.0
118.908333,31.0,90.0,78.75,31.0,110.0
119.227083,74.0,85.0,79.0,74.0,110.0
119.227083,79.0,96.0,79.0,79.0,110.0
119.230208,71.0,94.0,79.0,71.0,110.0
119.588542,83.0,96.0,79.25,83.0,110.0
119.59375,71.0,93.0,79.25,71.0,110.0
119.595833,74.0,85.0,79.25,74.0,110.0
119.597917,55.0,99.0,79.25,55.0,110.0
119.609375,43.0,76.0,79.25,43.0,110.0
120.264583,67.0,94.0,79.75,67.0,110.0
120.267708,59.0,91.0,79.75,59.0,110.0
120.271875,62.0,72.0,79.75,62.0,110.0
120.6375,86.0,85.0,80.0,86.0,110.0
120.957292,40.0,76.0,80.25,40.0,110.0
120.957292,52.0,93.0,80.25,52.0,110.0
120.9625,91.0,103.0,80.25,91.0,110.0
121.203125,85.0,79.0,80.375,85.0,110.0
121.31875,61.0,90.0,80.5,61.0,110.0
121.332292,88.0,93.0,80.5,88.0,110.0
121.333333,55.0,61.0,80.5,56.0,110.0
121.339583,52.0,60.0,80.5,52.0,110.0
121.339583,58.0,72.0,80.5,57.0,110.0
121.467708,82.0,81.0,80.625,82.0,110.0
121.604167,85.0,96.0,80.75,85.0,110.0
121.60625,64.0,89.0,80.75,64.0,110.0
121.614583,55.0,70.0,80.75,56.0,110.0
121.61875,58.0,68.0,80.75,57.0,110.0
121.622917,61.0,69.0,80.75,61.0,110.0
121.772917,79.0,77.0,80.875,79.0,110.0
121.894792,82.0,86.0,81.0,82.0,110.0
122.052083,76.0,76.0,81.125,76.0,110.0
122.176042,67.0,89.0,81.25,67.0,110.0
122.18125,79.0,92.0,81.25,79.0,110.0
122.188542,64.0,65.0,81.25,64.0,110.0
122.189583,58.0,72.0,81.25,57.0,110.0
122.191667,61.0,70.0,81.25,61.0,110.0
122.329167,73.0,80.0,81.375,73.0,110.0
122.464583,76.0,82.0,81.5,76.0,110.0
122.616667,70.0,77.0,81.625,70.0,110.0
122.775,50.0,90.0,81.75,50.0,110.0
122.776042,38.0,85.0,81.75,38.0,110.0
122.785417,90.0,95.0,81.75,90.0,110.0
122.952083,83.0,78.0,81.875,83.0,110.0
123.122917,86.0,92.0,82.0,86.0,110.0
123.127083,59.0,90.0,82.0,59.0,110.0
123.133333,54.0,75.0,82.0,54.0,110.0
123.1375,50.0,73.0,82.0,50.0,110.0
123.271875,78.0,69.0,82.125,78.0,110.0
123.394792,62.0,87.0,82.25,62.0,110.0
123.396875,54.0,79.0,82.25,54.0,110.0
123.396875,59.0,72.0,82.25,59.0,110.0
123.396875,83.0,97.0,82.25,83.0,110.0
123.572917,74.0,77.0,82.375,74.0,110.0
123.704167,78.0,85.0,82.5,78.0,110.0
123.829167,71.0,74.0,82.625,71.0,110.0
123.969792,74.0,90.0,82.75,74.0,110.0
123.977083,66.0,79.0,82.75,66.0,110.0
123.984375,62.0,58.0,82.75,62.0,110.0
123.986458,59.0,67.0,82.75,59.0,110.0
124.122917,66.0,78.0,82.875,66.0,110.0
124.265625,71.0,81.0,83.0,71.0,110.0
124.40625,62.0,74.0,83.125,62.0,110.0
124.584375,71.0,73.0,83.25,71.0,110.0
124.594792,59.0,57.0,83.25,59.0,110.0
124.752083,64.0,64.0,83.375,64.0,110.0
124.7875,52.0,52.0,83.375,52.0,110.0
124.890625,55.0,62.0,83.5,55.0,110.0
124.894792,67.0,78.0,83.5,67.0,110.0
125.015625,49.0,69.0,83.625,49.0,110.0
125.030208,61.0,69.0,83.625,61.0,110.0
125.165625,64.0,83.0,83.75,64.0,110.0
125.166667,52.0,78.0,83.75,52.0,110.0
125.297917,59.0,70.0,83.875,59.0,110.0
125.302083,47.0,71.0,83.875,47.0,110.0
125.442708,61.0,88.0,84.0,61.0,110.0
125.460417,49.0,79.0,84.0,49.0,110.0
125.594792,55.0,85.0,84.125,55.0,110.0
125.6,43.0,76.0,84.125,43.0,110.0
125.738542,59.0,89.0,84.25,59.0,110.0
125.752083,47.0,81.0,84.25,47.0,110.0
125.858333,40.0,67.0,84.375,40.0,110.0
125.866667,52.0,80.0,84.375,52.0,110.0
125.998958,55.0,85.0,84.5,55.0,110.0
126.011458,43.0,72.0,84.5,43.0,110.0
126.135417,49.0,89.0,84.625,49.0,110.0
126.136458,37.0,74.0,84.625,37.0,110.0
126.297917,50.0,90.0,84.75,50.0,110.0
126.316667,38.0,76.0,84.75,38.0,110.0
126.389583,40.0,53.0,84.84375,52.0,110.0
126.458333,50.0,77.0,84.9375,50.0,110.0
126.50625,52.0,66.0,85.03125,52.0,110.0
126.514583,40.0,54.0,84.84375,40.0,110.0
126.589583,38.0,60.0,84.9375,38.0,110.0
126.603125,50.0,84.0,85.03125,40.0,110.0
126.740625,52.0,91.0,85.125,52.0,110.0
126.747917,40.0,82.0,85.125,40.0,110.0
126.890625,54.0,95.0,85.25,54.0,110.0
126.892708,42.0,93.0,85.25,42.0,110.0
127.564583,82.0,94.0,85.75,82.0,110.0
127.570833,70.0,93.0,85.75,70.0,110.0
127.57916700000001,73.0,78.0,85.75,73.0,110.0
127.57916700000001,78.0,77.0,85.75,78.0,110.0
127.589583,54.0,91.0,85.75,54.0,110.0
127.6,42.0,78.0,85.75,42.0,110.0
128.230208,74.0,86.0,86.25,74.0,110.0
128.234375,83.0,95.0,86.25,83.0,110.0
128.236458,71.0,93.0,86.25,71.0,110.0
128.236458,78.0,82.0,86.25,78.0,110.0
128.24375,47.0,86.0,86.25,47.0,110.0
128.259375,35.0,70.0,86.25,35.0,110.0
129.009375,59.0,92.0,86.75,59.0,110.0
129.011458,71.0,86.0,86.75,71.0,110.0
129.021875,47.0,71.0,86.75,47.0,110.0
130.414583,90.0,65.0,87.5,90.0,110.0
130.441667,78.0,28.0,87.5,78.0,110.0
130.695833,87.0,24.0,87.75,52.0,110.0
130.946875,91.0,64.0,87.75,91.0,110.0
130.947917,79.0,48.0,87.75,79.0,110.0
131.182292,55.0,40.0,87.875,55.0,110.0
131.394792,60.0,38.0,88.0,60.0,110.0
131.442708,78.0,52.0,88.0,78.0,110.0
131.457292,66.0,38.0,88.0,66.0,110.0
131.604167,55.0,29.0,88.125,55.0,110.0
131.807292,52.0,4.0,88.25,52.0,110.0
131.830208,67.0,44.0,88.25,67.0,127.0
131.838542,79.0,57.0,88.25,79.0,127.0
131.978125,55.0,43.0,88.375,55.0,110.0
132.147917,60.0,56.0,88.5,60.0,110.0
132.277083,55.0,47.0,88.625,55.0,110.0
132.420833,72.0,66.0,88.75,72.0,110.0
132.426042,60.0,52.0,88.75,60.0,110.0
132.44375,52.0,48.0,88.75,52.0,110.0
132.598958,55.0,50.0,88.875,55.0,110.0
132.751042,91.0,82.0,89.0,91.0,110.0
132.758333,60.0,46.0,89.0,60.0,110.0
132.765625,79.0,58.0,89.0,79.0,110.0
132.895833,55.0,49.0,89.125,55.0,110.0
133.082292,50.0,37.0,89.25,50.0,110.0
133.104167,90.0,71.0,89.25,90.0,110.0
133.140625,78.0,42.0,89.25,78.0,110.0
133.235417,54.0,48.0,89.375,54.0,110.0
133.4375,59.0,33.0,89.5,59.0,110.0
133.457292,77.0,61.0,89.5,77.0,110.0
133.473958,65.0,48.0,89.5,65.0,110.0
133.605208,54.0,29.0,89.625,54.0,110.0
133.785417,50.0,35.0,89.75,50.0,110.0
133.816667,66.0,44.0,89.75,66.0,127.0
133.825,78.0,60.0,89.75,78.0,127.0
133.964583,54.0,27.0,89.875,54.0,110.0
134.152083,59.0,44.0,90.0,59.0,110.0
134.282292,54.0,54.0,90.125,54.0,110.0
134.43125,50.0,37.0,90.25,50.0,110.0
134.448958,71.0,63.0,90.25,71.0,110.0
134.470833,59.0,42.0,90.25,59.0,110.0
134.597917,54.0,41.0,90.375,54.0,110.0
134.782292,59.0,29.0,90.5,59.0,110.0
134.791667,71.0,70.0,90.5,71.0,110.0
134.8875,54.0,50.0,90.625,54.0,110.0
135.102083,49.0,37.0,90.75,49.0,110.0
135.126042,70.0,59.0,90.75,70.0,110.0
135.16875,58.0,27.0,90.75,58.0,110.0
135.317708,52.0,49.0,90.875,52.0,110.0
135.460417,58.0,52.0,91.0,58.0,110.0
135.477083,83.0,71.0,91.0,83.0,110.0
135.495833,71.0,39.0,91.0,71.0,110.0
135.629167,52.0,49.0,91.125,52.0,110.0
135.791667,49.0,51.0,91.25,49.0,110.0
135.791667,82.0,69.0,91.25,82.0,110.0
135.817708,70.0,47.0,91.25,70.0,110.0
135.952083,52.0,53.0,91.375,52.0,110.0
136.105208,58.0,50.0,91.5,58.0,110.0
136.116667,90.0,78.0,91.5,90.0,110.0
136.139583,78.0,53.0,91.5,78.0,110.0
136.245833,52.0,49.0,91.625,52.0,110.0
136.405208,49.0,38.0,91.75,49.0,110.0
136.428125,90.0,80.0,91.75,90.0,110.0
136.45,78.0,62.0,91.75,78.0,110.0
136.58125,52.0,52.0,91.875,52.0,110.0
136.766667,90.0,75.0,92.0,90.0,110.0
136.76875,58.0,45.0,92.0,58.0,110.0
136.778125,78.0,65.0,92.0,78.0,110.0
136.902083,52.0,43.0,92.125,52.0,80.0
137.161458,50.0,40.0,92.25,50.0,50.0
137.1875,78.0,62.0,92.25,78.0,50.0
137.19375,90.0,59.0,92.25,90.0,50.0
137.366667,54.0,42.0,92.375,54.0,50.0
137.542708,59.0,44.0,92.5,59.0,50.0
137.683333,54.0,49.0,92.625,54.0,50.0
137.844792,50.0,55.0,92.75,50.0,50.0
137.995833,54.0,53.0,92.875,54.0,50.0
138.172917,88.0,75.0,93.0,88.0,50.0
138.176042,59.0,52.0,93.0,59.0,50.0
138.189583,76.0,54.0,93.0,76.0,50.0
138.296875,54.0,52.0,93.125,54.0,50.0
138.313542,90.0,78.0,93.125,90.0,50.0
138.329167,78.0,53.0,93.125,78.0,50.0
138.490625,52.0,49.0,93.25,52.0,50.0
138.515625,91.0,78.0,93.25,91.0,50.0
138.535417,79.0,53.0,93.25,79.0,50.0
138.666667,55.0,44.0,93.375,55.0,50.0
138.844792,90.0,73.0,93.5,90.0,50.0
138.853125,78.0,64.0,93.5,78.0,50.0
138.855208,60.0,47.0,93.5,60.0,50.0
138.984375,55.0,51.0,93.625,55.0,50.0
139.0,88.0,73.0,93.625,88.0,50.0
139.005208,76.0,68.0,93.625,76.0,50.0
139.227083,86.0,69.0,93.75,86.0,50.0
139.234375,74.0,61.0,93.75,74.0,50.0
139.239583,54.0,34.0,93.75,54.0,50.0
139.401042,59.0,44.0,93.875,59.0,50.0
139.578125,62.0,44.0,94.0,62.0,50.0
139.7125,59.0,45.0,94.125,59.0,50.0
139.879167,54.0,41.0,94.25,54.0,50.0
140.059375,59.0,37.0,94.375,59.0,50.0
140.229167,62.0,44.0,94.5,62.0,50.0
140.396875,59.0,42.0,94.625,59.0,50.0
140.582292,85.0,54.0,94.75,85.0,50.0
140.6,73.0,40.0,94.75,73.0,50.0
140.609375,54.0,38.0,94.75,54.0,50.0
140.795833,58.0,40.0,94.875,58.0,50.0
141.009375,61.0,37.0,95.0,61.0,50.0
141.213542,58.0,41.0,95.125,58.0,50.0
141.508333,51.0,31.0,95.25,51.0,50.0
141.563542,78.0,58.0,95.25,78.0,50.0
141.866667,54.0,37.0,95.375,54.0,50.0
142.067708,59.0,41.0,95.5,59.0,50.0
142.215625,54.0,45.0,95.625,54.0,50.0
142.391667,51.0,42.0,95.75,51.0,50.0
142.5625,54.0,48.0,95.875,54.0,50.0
142.722917,59.0,46.0,96.0,59.0,50.0
142.735417,77.0,66.0,96.0,77.0,50.0
142.858333,54.0,46.0,96.125,54.0,50.0
142.8875,78.0,79.0,96.125,78.0,50.0
143.084375,52.0,40.0,96.25,52.0,50.0
143.084375,80.0,73.0,96.25,80.0,50.0
143.11875,71.0,38.0,96.25,71.0,50.0
143.266667,56.0,41.0,96.375,56.0,50.0
143.43125,82.0,68.0,96.5,82.0,50.0
143.465625,59.0,43.0,96.5,59.0,50.0
143.619792,83.0,73.0,96.625,83.0,50.0
143.655208,56.0,38.0,96.625,56.0,50.0
143.926042,75.0,58.0,96.75,75.0,50.0
143.927083,54.0,32.0,96.75,54.0,50.0
143.95,71.0,38.0,96.75,71.0,50.0
143.964583,66.0,33.0,96.75,66.0,50.0
144.171875,59.0,38.0,96.875,59.0,50.0
144.365625,63.0,49.0,97.0,63.0,50.0
144.511458,59.0,44.0,97.125,59.0,50.0
144.660417,54.0,50.0,97.25,54.0,50.0
144.821875,59.0,53.0,97.375,59.0,50.0
144.994792,76.0,63.0,97.5,76.0,50.0
145.026042,63.0,42.0,97.5,63.0,50.0
145.129167,59.0,35.0,97.625,59.0,50.0
145.172917,78.0,59.0,97.625,78.0,50.0
145.375,54.0,35.0,97.75,54.0,50.0
145.377083,76.0,51.0,97.75,76.0,50.0
145.40625,70.0,37.0,97.75,70.0,50.0
145.426042,66.0,19.0,97.75,66.0,50.0
145.640625,61.0,31.0,97.875,61.0,50.0
145.796875,75.0,50.0,98.0,75.0,50.0
145.860417,63.0,40.0,98.0,63.0,50.0
145.975,73.0,53.0,98.125,73.0,50.0
146.002083,64.0,31.0,98.125,64.0,50.0
146.269792,71.0,44.0,98.25,71.0,50.0
146.28125,63.0,26.0,98.25,63.0,50.0
146.308333,59.0,19.0,98.25,59.0,50.0
146.839583,78.0,52.0,98.5,78.0,50.0
146.858333,63.0,32.0,98.5,63.0,50.0
146.873958,71.0,32.0,98.5,71.0,50.0
146.895833,54.0,35.0,98.5,54.0,50.0
147.276042,80.0,64.0,98.75,80.0,50.0
147.292708,71.0,43.0,98.75,71.0,50.0
147.3,64.0,38.0,98.75,64.0,50.0
147.304167,54.0,31.0,98.75,54.0,50.0
147.658333,54.0,45.0,99.0,54.0,50.0
147.658333,78.0,65.0,99.0,78.0,50.0
147.660417,71.0,56.0,99.0,71.0,50.0
147.675,63.0,48.0,99.0,63.0,50.0
147.994792,71.0,46.0,99.25,71.0,50.0
147.995833,78.0,62.0,99.25,78.0,50.0
147.996875,54.0,40.0,99.25,54.0,50.0
148.005208,61.0,42.0,99.25,61.0,50.0
148.328125,54.0,38.0,99.5,54.0,50.0
148.328125,78.0,56.0,99.5,78.0,50.0
148.333333,64.0,39.0,99.5,64.0,50.0
148.335417,70.0,44.0,99.5,70.0,50.0
148.686458,78.0,53.0,99.75,78.0,50.0
148.697917,59.0,36.0,99.75,59.0,50.0
148.709375,63.0,41.0,99.75,63.0,50.0
148.7125,71.0,42.0,99.75,71.0,50.0
149.05,63.0,43.0,100.0,63.0,50.0
149.05625,78.0,53.0,100.0,78.0,50.0
149.057292,71.0,40.0,100.0,71.0,50.0
149.0625,54.0,36.0,100.0,54.0,50.0
149.48125,80.0,48.0,100.25,80.0,60.0
149.494792,83.0,49.0,100.25,83.0,60.0
149.495833,54.0,28.0,100.25,54.0,50.0
149.501042,64.0,36.0,100.25,64.0,50.0
149.51875,71.0,25.0,100.25,71.0,50.0
149.970833,54.0,34.0,100.5,54.0,50.0
149.979167,78.0,54.0,100.5,78.0,50.0
149.9875,63.0,47.0,100.5,63.0,50.0
149.991667,71.0,38.0,100.5,71.0,50.0
150.309375,71.0,48.0,100.75,71.0,50.0
150.321875,78.0,45.0,100.75,78.0,50.0
150.322917,54.0,35.0,100.75,54.0,50.0
150.360417,61.0,24.0,100.75,61.0,50.0
150.45625,70.0,51.0,100.875,70.0,50.0
150.614583,71.0,56.0,101.0,71.0,50.0
150.627083,78.0,53.0,101.0,78.0,50.0
150.63125,54.0,37.0,101.0,54.0,50.0
150.646875,64.0,40.0,101.0,64.0,50.0
150.758333,73.0,59.0,101.125,73.0,50.0
150.921875,71.0,46.0,101.25,71.0,50.0
150.9375,63.0,41.0,101.25,63.0,50.0
150.938542,78.0,54.0,101.25,78.0,50.0
150.948958,59.0,33.0,101.25,59.0,50.0
151.2375,78.0,47.0,101.5,78.0,50.0
151.25,70.0,47.0,101.5,70.0,50.0
151.252083,61.0,41.0,101.5,61.0,50.0
151.272917,54.0,19.0,101.5,54.0,50.0
151.56875,78.0,43.0,101.75,78.0,50.0
151.573958,71.0,50.0,101.75,71.0,50.0
151.582292,63.0,37.0,101.75,63.0,50.0
151.585417,59.0,34.0,101.75,59.0,50.0
151.8875,75.0,45.0,102.0,74.0,50.0
151.91875,73.0,48.0,102.0,73.0,50.0
151.925,70.0,42.0,102.0,70.0,50.0
151.929167,54.0,31.0,102.0,54.0,50.0
151.932292,64.0,31.0,102.0,64.0,50.0
152.332292,71.0,42.0,102.25,71.0,50.0
152.338542,78.0,37.0,102.25,78.0,50.0
152.340625,59.0,27.0,102.25,59.0,50.0
152.844792,71.0,41.0,102.5,71.0,60.0
153.366667,74.0,46.0,102.75,74.0,60.0
153.36875,47.0,10.0,102.75,47.0,60.0
153.676042,50.0,30.0,102.875,50.0,60.0
153.860417,53.0,29.0,103.0,53.0,60.0
154.009375,50.0,36.0,103.125,50.0,60.0
154.165625,47.0,23.0,103.25,47.0,60.0
154.179167,68.0,42.0,103.25,68.0,60.0
154.342708,50.0,37.0,103.375,50.0,60.0
154.516667,53.0,44.0,103.5,53.0,60.0
154.683333,50.0,40.0,103.625,50.0,60.0
154.848958,47.0,35.0,103.75,47.0,60.0
154.995833,50.0,49.0,103.875,50.0,60.0
155.144792,74.0,64.0,104.0,74.0,60.0
155.166667,53.0,46.0,104.0,53.0,60.0
155.291667,50.0,40.0,104.125,50.0,60.0
155.509375,45.0,36.0,104.25,45.0,60.0
155.520833,73.0,55.0,104.25,73.0,60.0
155.727083,49.0,42.0,104.375,49.0,60.0
155.889583,54.0,41.0,104.5,54.0,60.0
156.005208,49.0,49.0,104.625,49.0,60.0
156.18125,45.0,35.0,104.75,45.0,60.0
156.196875,66.0,43.0,104.75,66.0,60.0
156.345833,49.0,41.0,104.875,49.0,60.0
156.526042,54.0,43.0,105.0,54.0,60.0
156.675,49.0,41.0,105.125,49.0,60.0
156.845833,45.0,46.0,105.25,45.0,60.0
156.9875,49.0,46.0,105.375,49.0,60.0
157.15625,73.0,59.0,105.5,73.0,60.0
157.204167,54.0,37.0,105.5,54.0,60.0
157.338542,49.0,36.0,105.625,49.0,60.0
157.564583,73.0,57.0,105.75,73.0,60.0
157.566667,44.0,48.0,105.75,44.0,60.0
157.80625,47.0,43.0,105.875,47.0,60.0
157.960417,53.0,51.0,106.0,53.0,60.0
157.960417,73.0,64.0,106.0,73.0,60.0
158.113542,47.0,45.0,106.125,47.0,60.0
158.271875,44.0,43.0,106.25,44.0,60.0
158.289583,73.0,69.0,106.25,73.0,60.0
158.442708,47.0,50.0,106.375,47.0,60.0
158.613542,53.0,49.0,106.5,53.0,60.0
158.626042,73.0,67.0,106.5,73.0,60.0
158.761458,47.0,46.0,106.625,47.0,60.0
158.922917,44.0,40.0,106.75,44.0,60.0
158.9875,72.0,66.0,106.75,72.0,60.0
159.136458,47.0,42.0,106.875,47.0,60.0
159.161458,73.0,66.0,106.875,73.0,60.0
159.314583,74.0,68.0,107.0,74.0,60.0
159.335417,53.0,45.0,107.0,53.0,60.0
159.464583,73.0,70.0,107.125,73.0,60.0
159.478125,47.0,44.0,107.125,47.0,60.0
159.725,45.0,33.0,107.25,45.0,60.0
159.729167,73.0,63.0,107.25,73.0,60.0
159.936458,49.0,43.0,107.375,49.0,60.0
160.095833,54.0,46.0,107.5,54.0,60.0
160.23125,49.0,46.0,107.625,49.0,60.0
160.363542,66.0,47.0,107.75,66.0,60.0
160.396875,45.0,31.0,107.75,45.0,60.0
160.570833,49.0,47.0,107.875,49.0,60.0
160.714583,54.0,44.0,108.0,54.0,60.0
160.852083,49.0,45.0,108.125,49.0,60.0
161.004167,45.0,36.0,108.25,45.0,60.0
161.158333,49.0,49.0,108.375,49.0,60.0
161.345833,73.0,61.0,108.5,73.0,60.0
161.359375,54.0,42.0,108.5,54.0,60.0
161.511458,49.0,42.0,108.625,49.0,60.0
161.75,47.0,34.0,108.75,47.0,60.0
161.776042,74.0,56.0,108.75,74.0,60.0
162.005208,50.0,42.0,108.875,50.0,60.0
162.15625,56.0,43.0,109.0,56.0,60.0
162.307292,50.0,46.0,109.125,50.0,60.0
162.478125,47.0,38.0,109.25,47.0,60.0
162.484375,65.0,41.0,109.25,65.0,60.0
162.6875,50.0,37.0,109.375,50.0,60.0
162.838542,56.0,43.0,109.5,56.0,60.0
162.988542,50.0,42.0,109.625,50.0,60.0
163.165625,47.0,38.0,109.75,47.0,60.0
163.3625,50.0,39.0,109.875,50.0,60.0
163.5,74.0,53.0,110.0,74.0,60.0
163.563542,56.0,33.0,110.0,56.0,60.0
163.723958,50.0,41.0,110.125,50.0,60.0
164.0,46.0,31.0,110.25,46.0,60.0
164.020833,73.0,45.0,110.25,73.0,60.0
164.272917,49.0,37.0,110.375,49.0,60.0
164.475,54.0,34.0,110.5,54.0,60.0
164.602083,49.0,43.0,110.625,49.0,60.0
164.782292,46.0,28.0,110.75,46.0,60.0
164.783333,66.0,42.0,110.75,66.0,60.0
164.939583,49.0,37.0,110.875,49.0,60.0
165.130208,54.0,43.0,111.0,54.0,60.0
165.276042,49.0,44.0,111.125,49.0,60.0
165.417708,46.0,46.0,111.25,46.0,60.0
165.588542,49.0,47.0,111.375,49.0,60.0
165.733333,73.0,57.0,111.5,73.0,60.0
165.776042,54.0,40.0,111.5,54.0,60.0
165.910417,49.0,42.0,111.625,49.0,60.0
166.105208,73.0,62.0,111.75,73.0,60.0
166.11875,44.0,40.0,111.75,44.0,60.0
166.322917,47.0,40.0,111.875,47.0,60.0
166.488542,53.0,50.0,112.0,53.0,60.0
166.515625,73.0,67.0,112.0,73.0,60.0
166.6625,47.0,47.0,112.125,47.0,60.0
166.81875,44.0,48.0,112.25,44.0,60.0
166.834375,73.0,67.0,112.25,73.0,60.0
166.98125,47.0,49.0,112.375,47.0,60.0
167.157292,53.0,50.0,112.5,53.0,60.0
167.161458,73.0,71.0,112.5,73.0,60.0
167.302083,47.0,52.0,112.625,47.0,60.0
167.446875,44.0,42.0,112.75,44.0,60.0
167.50625,72.0,67.0,112.75,72.0,60.0
167.677083,47.0,46.0,112.875,47.0,60.0
167.6875,73.0,70.0,112.875,73.0,60.0
167.855208,75.0,70.0,113.0,75.0,60.0
167.85625,53.0,55.0,113.0,53.0,60.0
168.008333,47.0,54.0,113.125,47.0,60.0
168.011458,73.0,73.0,113.125,73.0,60.0
168.24375,42.0,49.0,113.25,42.0,60.0
168.270833,73.0,68.0,113.25,73.0,60.0
168.475,46.0,55.0,113.375,46.0,60.0
168.651042,54.0,56.0,113.5,54.0,60.0
168.808333,46.0,59.0,113.625,46.0,60.0
168.953125,66.0,57.0,113.75,66.0,60.0
168.959375,42.0,57.0,113.75,42.0,60.0
169.123958,46.0,61.0,113.875,46.0,60.0
169.277083,54.0,64.0,114.0,54.0,60.0
169.429167,46.0,67.0,114.125,46.0,60.0
169.610417,42.0,67.0,114.25,42.0,60.0
169.785417,46.0,68.0,114.375,46.0,60.0
169.927083,73.0,74.0,114.5,73.0,60.0
169.945833,54.0,62.0,114.5,54.0,60.0
170.095833,46.0,68.0,114.625,46.0,60.0
170.304167,40.0,63.0,114.75,40.0,60.0
170.595833,45.0,66.0,114.875,45.0,60.0
170.7875,73.0,85.0,115.0,73.0,60.0
170.791667,55.0,71.0,115.0,55.0,60.0
170.954167,45.0,70.0,115.125,45.0,60.0
171.10625,73.0,80.0,115.25,73.0,60.0
171.113542,40.0,67.0,115.25,40.0,60.0
171.276042,45.0,65.0,115.375,45.0,60.0
171.4375,73.0,80.0,115.5,73.0,60.0
171.452083,55.0,61.0,115.5,55.0,60.0
171.620833,45.0,62.0,115.625,45.0,60.0
171.79375,40.0,53.0,115.75,40.0,60.0
171.81875,73.0,71.0,115.75,73.0,60.0
171.970833,45.0,48.0,115.875,45.0,60.0
172.198958,73.0,65.0,116.0,73.0,60.0
172.2,55.0,48.0,116.0,55.0,60.0
172.355208,45.0,42.0,116.125,45.0,60.0
172.55625,40.0,45.0,116.25,40.0,60.0
172.710417,73.0,59.0,116.25,73.0,60.0
172.715625,45.0,47.0,116.25,45.0,60.0
173.48125,79.0,70.0,116.5,79.0,60.0
174.0,78.0,65.0,116.75,78.0,60.0
174.445833,76.0,58.0,117.0,76.0,60.0
174.884375,74.0,45.0,117.25,74.0,60.0
175.433333,73.0,43.0,117.5,73.0,60.0
179.369792,69.0,31.0,118.5,69.0,70.0
179.396875,57.0,12.0,118.5,57.0,70.0
179.745833,71.0,55.0,118.75,71.0,70.0
179.760417,59.0,37.0,118.75,59.0,70.0
180.084375,61.0,42.0,119.0,61.0,70.0
180.105208,73.0,74.0,119.0,73.0,70.0
180.619792,54.0,38.0,119.25,54.0,70.0
180.620833,62.0,31.0,119.25,62.0,70.0
180.625,50.0,35.0,119.25,50.0,70.0
180.6375,74.0,61.0,119.25,74.0,84.0
182.104167,61.0,41.0,120.0,61.0,70.0
182.104167,73.0,43.0,120.0,73.0,70.0
182.241667,74.0,42.0,120.125,74.0,70.0
182.272917,62.0,36.0,120.125,62.0,70.0
182.395833,78.0,57.0,120.25,78.0,70.0
182.417708,66.0,50.0,120.25,66.0,70.0
182.542708,74.0,63.0,120.375,74.0,70.0
182.578125,62.0,41.0,120.375,62.0,70.0
182.695833,61.0,53.0,120.5,61.0,70.0
182.703125,73.0,62.0,120.5,73.0,70.0
182.820833,71.0,63.0,120.625,71.0,70.0
182.840625,59.0,53.0,120.625,59.0,70.0
183.061458,69.0,54.0,120.75,69.0,84.0
183.109375,49.0,34.0,120.75,49.0,70.0
183.1125,57.0,35.0,120.75,57.0,70.0
183.140625,52.0,28.0,120.75,52.0,70.0
184.282292,68.0,41.0,121.5,68.0,70.0
184.325,56.0,47.0,121.5,56.0,70.0
184.433333,69.0,49.0,121.625,69.0,70.0
184.447917,57.0,50.0,121.625,57.0,70.0
184.589583,70.0,54.0,121.75,70.0,70.0
184.597917,58.0,50.0,121.75,58.0,70.0
184.733333,73.0,61.0,121.875,73.0,70.0
184.746875,61.0,51.0,121.875,61.0,70.0
184.9,71.0,45.0,122.0,71.0,70.0
184.903125,59.0,53.0,122.0,59.0,70.0
185.047917,67.0,52.0,122.125,67.0,70.0
185.051042,55.0,47.0,122.125,55.0,70.0
185.214583,66.0,55.0,122.25,67.0,70.0
185.244792,50.0,34.0,122.25,50.0,70.0
185.25625,54.0,41.0,122.25,54.0,70.0
185.470833,66.0,56.0,122.34375,66.0,70.0
185.553125,64.0,40.0,122.4375,64.0,70.0
185.614583,66.0,65.0,122.53125,66.0,70.0
185.746875,67.0,56.0,122.625,67.0,70.0
185.771875,52.0,46.0,122.625,52.0,70.0
185.776042,55.0,44.0,122.625,55.0,70.0
185.942708,69.0,58.0,122.75,69.0,70.0
185.979167,57.0,36.0,122.75,57.0,70.0
185.988542,54.0,45.0,122.75,54.0,70.0
186.704167,71.0,53.0,123.25,71.0,70.0
186.727083,59.0,40.0,123.25,59.0,70.0
186.741667,52.0,36.0,123.25,52.0,70.0
186.744792,55.0,33.0,123.25,55.0,70.0
187.078125,73.0,70.0,123.5,73.0,70.0
187.113542,61.0,49.0,123.5,61.0,70.0
187.594792,73.0,60.0,123.75,73.0,70.0
187.6,55.0,36.0,123.75,55.0,70.0
187.613542,61.0,38.0,123.75,61.0,70.0
187.629167,50.0,35.0,123.75,50.0,70.0
187.640625,52.0,36.0,123.75,52.0,70.0
188.6,54.0,34.0,124.25,54.0,70.0
188.602083,74.0,41.0,124.25,74.0,70.0
188.609375,62.0,35.0,124.25,62.0,70.0
189.079167,62.0,44.0,124.5,62.0,70.0
189.08125,74.0,60.0,124.5,74.0,70.0
189.219792,66.0,49.0,124.625,66.0,70.0
189.225,78.0,61.0,124.625,78.0,70.0
189.383333,66.0,60.0,124.75,66.0,70.0
189.383333,78.0,74.0,124.75,78.0,70.0
189.498958,81.0,73.0,124.875,81.0,70.0
189.511458,69.0,60.0,124.875,69.0,70.0
189.660417,79.0,76.0,125.0,79.0,70.0
189.683333,67.0,55.0,125.0,67.0,70.0
189.808333,78.0,74.0,125.125,78.0,70.0
189.817708,66.0,59.0,125.125,66.0,70.0
190.082292,55.0,42.0,125.25,55.0,70.0
190.085417,57.0,32.0,125.25,57.0,70.0
190.094792,78.0,66.0,125.25,78.0,84.0
190.115625,66.0,41.0,125.25,66.0,70.0
190.983333,76.0,45.0,125.75,76.0,70.0
191.020833,64.0,35.0,125.75,64.0,70.0
191.484375,71.0,45.0,126.0,71.0,70.0
191.504167,59.0,33.0,126.0,59.0,70.0
191.641667,73.0,53.0,126.125,73.0,70.0
191.670833,61.0,42.0,126.125,61.0,70.0
191.780208,74.0,57.0,126.25,74.0,70.0
191.814583,62.0,45.0,126.25,62.0,70.0
191.932292,61.0,49.0,126.375,61.0,70.0
191.932292,73.0,56.0,126.375,73.0,70.0
192.061458,71.0,52.0,126.5,71.0,70.0
192.108333,59.0,41.0,126.5,59.0,70.0
192.214583,57.0,45.0,126.625,57.0,70.0
192.225,69.0,46.0,126.625,69.0,70.0
192.446875,54.0,39.0,126.75,54.0,70.0
192.447917,57.0,17.0,126.75,57.0,70.0
192.45,76.0,51.0,126.75,76.0,84.0
192.45625,64.0,40.0,126.75,64.0,70.0
193.2625,74.0,51.0,127.25,74.0,70.0
193.280208,62.0,39.0,127.25,62.0,70.0
193.6375,54.0,37.0,127.5,54.0,70.0
193.665625,69.0,54.0,127.5,69.0,70.0
193.667708,57.0,51.0,127.5,57.0,70.0
193.78125,74.0,61.0,127.625,74.0,70.0
193.927083,74.0,70.0,127.75,74.0,70.0
193.970833,57.0,51.0,127.75,57.0,70.0
193.975,62.0,42.0,127.75,62.0,70.0
194.072917,78.0,72.0,127.875,78.0,70.0
194.227083,66.0,52.0,128.0,66.0,70.0
194.227083,78.0,76.0,128.0,78.0,70.0
194.240625,62.0,27.0,128.0,62.0,70.0
194.366667,81.0,75.0,128.125,81.0,70.0
194.527083,81.0,72.0,128.25,81.0,70.0
194.5375,57.0,46.0,128.25,57.0,70.0
194.860417,69.0,58.0,128.5,69.0,70.0
194.876042,66.0,48.0,128.5,66.0,70.0
195.16875,83.0,74.0,128.75,83.0,70.0
195.175,57.0,51.0,128.75,57.0,70.0
195.188542,71.0,62.0,128.75,71.0,70.0
195.491667,67.0,50.0,129.0,67.0,70.0
195.829167,45.0,51.0,129.25,45.0,70.0
195.838542,85.0,68.0,129.25,85.0,70.0
195.85625,73.0,49.0,129.25,73.0,70.0
196.198958,64.0,52.0,129.5,64.0,70.0
196.208333,57.0,54.0,129.5,57.0,70.0
196.614583,86.0,59.0,129.75,86.0,70.0
196.616667,38.0,38.0,129.75,38.0,70.0
196.621875,74.0,47.0,129.75,74.0,70.0
197.172917,62.0,37.0,130.0,62.0,70.0
197.183333,54.0,38.0,130.0,54.0,70.0
198.434375,54.0,28.0,130.5,54.0,60.0
198.434375,66.0,39.0,130.5,66.0,60.0
198.78125,67.0,66.0,130.75,67.0,60.0
198.785417,55.0,48.0,130.75,55.0,60.0
199.103125,69.0,75.0,131.0,69.0,60.0
199.113542,57.0,51.0,131.0,57.0,60.0
199.573958,71.0,73.0,131.25,71.0,60.0
199.577083,50.0,41.0,131.25,50.0,60.0
199.58125,52.0,43.0,131.25,52.0,60.0
199.584375,59.0,52.0,131.25,59.0,72.0
199.595833,43.0,17.0,131.25,43.0,60.0
200.570833,57.0,40.0,131.875,57.0,60.0
200.605208,69.0,49.0,131.875,69.0,60.0
200.723958,55.0,43.0,132.0,55.0,60.0
200.751042,67.0,53.0,132.0,67.0,60.0
200.860417,54.0,47.0,132.125,54.0,60.0
200.88125,66.0,50.0,132.125,66.0,60.0
201.041667,52.0,40.0,132.25,52.0,60.0
201.063542,64.0,44.0,132.25,64.0,60.0
201.730208,44.0,58.0,132.75,44.0,60.0
201.733333,52.0,55.0,132.75,52.0,60.0
201.744792,74.0,78.0,132.75,74.0,60.0
201.7625,62.0,59.0,132.75,62.0,60.0
202.333333,73.0,68.0,133.125,73.0,60.0
202.344792,61.0,56.0,133.125,61.0,60.0
202.470833,71.0,69.0,133.25,71.0,60.0
202.495833,59.0,62.0,133.25,59.0,60.0
202.603125,69.0,68.0,133.375,69.0,60.0
202.627083,57.0,64.0,133.375,57.0,60.0
202.746875,68.0,70.0,133.5,68.0,60.0
202.761458,56.0,65.0,133.5,56.0,60.0
202.877083,66.0,73.0,133.625,66.0,60.0
202.902083,54.0,58.0,133.625,54.0,60.0
203.059375,64.0,70.0,133.75,64.0,60.0
203.082292,52.0,48.0,133.75,52.0,60.0
203.744792,74.0,77.0,134.25,74.0,60.0
203.75,45.0,54.0,134.25,45.0,60.0
203.752083,55.0,60.0,134.25,55.0,60.0
203.759375,64.0,55.0,134.25,64.0,60.0
204.496875,73.0,75.0,134.75,73.0,60.0
204.833333,74.0,84.0,135.0,74.0,60.0
204.85625,54.0,52.0,135.0,54.0,60.0
204.865625,66.0,58.0,135.0,66.0,60.0
205.141667,52.0,52.0,135.25,52.0,60.0
205.155208,76.0,75.0,135.25,76.0,60.0
205.16875,67.0,62.0,135.25,67.0,60.0
205.490625,73.0,80.0,135.5,73.0,60.0
205.495833,57.0,49.0,135.5,57.0,60.0
205.501042,64.0,55.0,135.5,64.0,60.0
205.891667,74.0,78.0,135.75,74.0,60.0
205.910417,50.0,40.0,135.75,50.0,60.0
205.928125,57.0,42.0,135.75,57.0,60.0
205.932292,66.0,43.0,135.75,66.0,60.0
206.691667,78.0,70.0,136.25,78.0,60.0
207.496875,81.0,42.0,136.75,81.0,60.0
207.516667,78.0,36.0,136.75,78.0,60.0
207.527083,69.0,22.0,136.75,69.0,60.0
207.533333,62.0,11.0,136.75,62.0,60.0
208.203125,81.0,49.0,137.25,81.0,60.0
208.214583,69.0,29.0,137.25,69.0,60.0
208.230208,78.0,37.0,137.25,78.0,60.0
208.245833,61.0,31.0,137.25,61.0,60.0
208.916667,79.0,50.0,137.75,79.0,60.0
208.941667,76.0,38.0,137.75,76.0,60.0
209.063542,81.0,49.0,137.875,81.0,60.0
209.067708,78.0,51.0,137.875,78.0,60.0
209.198958,79.0,51.0,138.0,79.0,60.0
209.25625,76.0,33.0,138.0,76.0,60.0
209.342708,78.0,46.0,138.125,78.0,60.0
209.364583,81.0,48.0,138.125,81.0,60.0
209.525,83.0,56.0,138.25,83.0,60.0
209.535417,57.0,42.0,138.25,57.0,60.0
209.557292,79.0,40.0,138.25,79.0,60.0
209.578125,69.0,41.0,138.25,69.0,60.0
209.884375,79.0,57.0,138.5,79.0,60.0
209.89375,76.0,41.0,138.5,76.0,60.0
210.245833,79.0,44.0,138.75,79.0,60.0
210.251042,81.0,48.0,138.75,81.0,60.0
210.258333,69.0,30.0,138.75,69.0,60.0
211.011458,86.0,38.0,139.25,86.0,60.0
211.020833,78.0,17.0,139.25,78.0,60.0
211.729167,69.0,67.0,139.75,69.0,90.0
211.748958,54.0,58.0,139.75,54.0,90.0
212.064583,71.0,82.0,140.0,71.0,90.0
212.071875,55.0,76.0,140.0,55.0,90.0
212.4625,55.0,62.0,140.25,55.0,90.0
212.4625,74.0,82.0,140.25,74.0,90.0
212.469792,45.0,59.0,140.25,45.0,90.0
212.475,64.0,63.0,140.25,64.0,90.0
213.167708,73.0,83.0,140.75,73.0,90.0
213.4875,74.0,84.0,141.0,74.0,90.0
213.502083,54.0,69.0,141.0,54.0,90.0
213.509375,66.0,64.0,141.0,66.0,90.0
213.813542,52.0,66.0,141.25,52.0,90.0
213.820833,76.0,81.0,141.25,76.0,90.0
213.840625,67.0,58.0,141.25,67.0,90.0
214.15625,73.0,85.0,141.5,73.0,90.0
214.164583,57.0,70.0,141.5,57.0,90.0
214.171875,64.0,69.0,141.5,64.0,90.0
214.5875,74.0,81.0,141.75,74.0,90.0
214.59375,57.0,54.0,141.75,57.0,90.0
214.595833,66.0,59.0,141.75,66.0,90.0
214.598958,50.0,53.0,141.75,50.0,90.0
215.297917,78.0,73.0,142.25,78.0,90.0
216.126042,81.0,63.0,142.75,81.0,60.0
216.144792,76.0,45.0,142.75,76.0,60.0
216.177083,61.0,39.0,142.75,61.0,60.0
216.197917,69.0,35.0,142.75,69.0,60.0
216.535417,64.0,38.0,143.0,64.0,60.0
216.980208,81.0,46.0,143.25,81.0,60.0
216.984375,59.0,33.0,143.25,59.0,60.0
217.001042,74.0,45.0,143.25,74.0,60.0
217.022917,66.0,38.0,143.25,66.0,60.0
217.75625,80.0,51.0,143.75,80.0,60.0
217.8875,81.0,57.0,143.875,81.0,60.0
218.039583,80.0,60.0,144.0,80.0,60.0
218.063542,75.0,48.0,144.0,75.0,60.0
218.165625,81.0,59.0,144.125,81.0,60.0
218.395833,52.0,34.0,144.25,52.0,60.0
218.401042,85.0,53.0,144.25,85.0,60.0
218.414583,64.0,37.0,144.25,64.0,60.0
218.416667,76.0,38.0,144.25,76.0,60.0
218.795833,83.0,54.0,144.5,83.0,60.0
218.813542,80.0,42.0,144.5,80.0,60.0
218.814583,62.0,43.0,144.5,62.0,60.0
219.334375,81.0,39.0,144.75,81.0,60.0
219.34375,57.0,32.0,144.75,57.0,60.0
219.34375,61.0,21.0,144.75,61.0,60.0
220.917708,81.0,48.0,145.5,81.0,60.0
220.933333,69.0,42.0,145.5,69.0,60.0
221.258333,83.0,72.0,145.75,83.0,60.0
221.26875,71.0,50.0,145.75,71.0,60.0
221.590625,85.0,84.0,146.0,85.0,60.0
221.597917,73.0,53.0,146.0,73.0,60.0
222.0375,86.0,71.0,146.25,86.0,60.0
222.059375,74.0,38.0,146.25,74.0,72.0
222.0625,66.0,34.0,146.25,66.0,72.0
222.070833,62.0,31.0,146.25,62.0,72.0
223.352083,85.0,48.0,147.0,85.0,60.0
223.36875,73.0,46.0,147.0,73.0,60.0
223.4875,86.0,50.0,147.125,86.0,60.0
223.519792,74.0,43.0,147.125,74.0,60.0
223.6375,90.0,67.0,147.25,90.0,60.0
223.646875,78.0,51.0,147.25,78.0,60.0
223.777083,86.0,66.0,147.375,86.0,60.0
223.795833,74.0,52.0,147.375,74.0,60.0
223.91875,85.0,65.0,147.5,85.0,60.0
223.932292,73.0,59.0,147.5,73.0,60.0
224.035417,83.0,64.0,147.625,83.0,60.0
224.039583,71.0,58.0,147.625,71.0,60.0
224.254167,81.0,57.0,147.75,81.0,60.0
224.276042,69.0,46.0,147.75,69.0,72.0
224.332292,64.0,31.0,147.75,64.0,72.0
224.3375,61.0,13.0,147.75,61.0,72.0
225.502083,80.0,44.0,148.5,80.0,60.0
225.530208,68.0,40.0,148.5,68.0,60.0
225.639583,81.0,49.0,148.625,81.0,60.0
225.676042,69.0,49.0,148.625,69.0,60.0
225.820833,82.0,59.0,148.75,82.0,60.0
225.822917,70.0,46.0,148.75,70.0,60.0
225.94375,85.0,61.0,148.875,85.0,60.0
225.953125,73.0,52.0,148.875,73.0,60.0
226.0875,83.0,61.0,149.0,83.0,60.0
226.121875,71.0,52.0,149.0,71.0,60.0
226.25,79.0,56.0,149.125,79.0,60.0
226.264583,67.0,41.0,149.125,67.0,60.0
226.417708,78.0,54.0,149.25,79.0,60.0
226.436458,62.0,42.0,149.25,62.0,60.0
226.44375,66.0,48.0,149.25,66.0,60.0
226.665625,78.0,60.0,149.34375,78.0,60.0
226.741667,76.0,48.0,149.4375,76.0,60.0
226.814583,78.0,60.0,149.53125,78.0,60.0
226.945833,64.0,38.0,149.625,64.0,60.0
226.946875,79.0,60.0,149.625,79.0,60.0
226.957292,67.0,39.0,149.625,67.0,60.0
227.145833,81.0,54.0,149.75,81.0,60.0
227.15,69.0,37.0,149.75,69.0,60.0
227.153125,66.0,34.0,149.75,66.0,60.0
227.889583,83.0,63.0,150.25,83.0,60.0
227.90625,71.0,45.0,150.25,71.0,60.0
227.917708,64.0,45.0,150.25,64.0,60.0
227.94375,67.0,35.0,150.25,67.0,60.0
228.24375,85.0,80.0,150.5,85.0,60.0
228.25,73.0,66.0,150.5,73.0,60.0
228.703125,73.0,49.0,150.75,73.0,60.0
228.710417,85.0,72.0,150.75,85.0,60.0
228.713542,67.0,42.0,150.75,67.0,60.0
228.738542,62.0,39.0,150.75,62.0,60.0
228.738542,64.0,36.0,150.75,64.0,60.0
229.727083,86.0,51.0,151.25,86.0,60.0
229.739583,66.0,37.0,151.25,66.0,60.0
229.744792,74.0,39.0,151.25,74.0,60.0
230.146875,86.0,60.0,151.5,86.0,60.0
230.178125,74.0,58.0,151.5,74.0,60.0
230.280208,90.0,72.0,151.625,90.0,60.0
230.285417,78.0,57.0,151.625,78.0,60.0
230.442708,90.0,76.0,151.75,90.0,60.0
230.447917,78.0,62.0,151.75,78.0,60.0
230.584375,93.0,79.0,151.875,93.0,60.0
230.592708,81.0,67.0,151.875,81.0,60.0
230.73125,91.0,82.0,152.0,91.0,60.0
230.745833,79.0,66.0,152.0,79.0,60.0
230.875,90.0,87.0,152.125,90.0,60.0
230.89375,78.0,66.0,152.125,78.0,60.0
231.113542,90.0,79.0,152.25,90.0,60.0
231.125,69.0,47.0,152.25,69.0,60.0
231.135417,78.0,60.0,152.25,78.0,60.0
231.946875,88.0,57.0,152.75,88.0,60.0
231.973958,76.0,42.0,152.75,76.0,60.0
232.438542,71.0,44.0,153.0,71.0,60.0
232.44375,83.0,48.0,153.0,83.0,60.0
232.585417,85.0,61.0,153.125,85.0,60.0
232.7375,86.0,63.0,153.25,86.0,60.0
232.75,74.0,49.0,153.25,74.0,60.0
232.880208,73.0,57.0,153.375,73.0,60.0
232.883333,85.0,62.0,153.375,85.0,60.0
233.019792,83.0,54.0,153.5,83.0,60.0
233.027083,71.0,47.0,153.5,71.0,60.0
233.188542,81.0,51.0,153.625,81.0,60.0
233.196875,69.0,42.0,153.625,69.0,60.0
233.410417,88.0,53.0,153.75,88.0,60.0
233.4125,69.0,7.0,153.75,69.0,60.0
233.426042,66.0,35.0,153.75,66.0,60.0
233.44375,76.0,31.0,153.75,76.0,60.0
234.191667,86.0,52.0,154.25,86.0,60.0
234.198958,74.0,49.0,154.25,74.0,60.0
234.582292,57.0,55.0,154.5,57.0,60.0
234.59375,69.0,46.0,154.5,69.0,60.0
234.6125,54.0,30.0,154.5,54.0,60.0
234.727083,74.0,61.0,154.625,74.0,60.0
234.858333,57.0,48.0,154.75,57.0,60.0
234.859375,62.0,54.0,154.75,62.0,60.0
234.86875,74.0,72.0,154.75,74.0,60.0
235.005208,78.0,81.0,154.875,78.0,60.0
235.155208,78.0,79.0,155.0,78.0,60.0
235.165625,62.0,38.0,155.0,62.0,60.0
235.166667,66.0,58.0,155.0,66.0,60.0
235.286458,81.0,81.0,155.125,81.0,60.0
235.452083,81.0,77.0,155.25,81.0,60.0
235.464583,57.0,58.0,155.25,57.0,60.0
235.795833,69.0,52.0,155.5,69.0,60.0
235.796875,66.0,56.0,155.5,66.0,60.0
236.103125,57.0,57.0,155.75,57.0,60.0
236.113542,83.0,71.0,155.75,83.0,60.0
236.1375,71.0,51.0,155.75,71.0,60.0
236.446875,67.0,44.0,156.0,67.0,60.0
236.772917,73.0,57.0,156.25,73.0,60.0
236.775,85.0,71.0,156.25,85.0,60.0
236.811458,45.0,49.0,156.25,45.0,60.0
237.123958,64.0,61.0,156.5,64.0,60.0
237.1375,57.0,53.0,156.5,57.0,60.0
237.527083,38.0,68.0,156.75,38.0,60.0
237.535417,86.0,81.0,156.75,86.0,60.0
237.541667,74.0,82.0,156.75,74.0,60.0
238.028125,62.0,70.0,157.0,62.0,72.0
238.033333,54.0,64.0,157.0,54.0,72.0
239.001042,52.0,45.0,157.5,52.0,60.0
239.0125,61.0,44.0,157.5,61.0,60.0
239.014583,85.0,48.0,157.5,85.0,60.0
239.01875,73.0,51.0,157.5,73.0,60.0
239.334375,54.0,49.0,157.75,54.0,60.0
239.348958,86.0,63.0,157.75,86.0,60.0
239.354167,62.0,47.0,157.75,62.0,60.0
239.359375,74.0,53.0,157.75,74.0,60.0
239.68125,83.0,62.0,158.0,83.0,60.0
239.683333,59.0,47.0,158.0,59.0,60.0
239.686458,55.0,43.0,158.0,55.0,60.0
239.708333,71.0,42.0,158.0,71.0,60.0
240.019792,81.0,57.0,158.25,81.0,60.0
240.022917,45.0,45.0,158.25,45.0,60.0
240.032292,69.0,44.0,158.25,69.0,60.0
240.353125,54.0,57.0,158.5,54.0,60.0
240.360417,57.0,46.0,158.5,57.0,60.0
240.6875,79.0,66.0,158.75,79.0,60.0
240.692708,45.0,51.0,158.75,45.0,60.0
240.69375,67.0,57.0,158.75,67.0,60.0
241.046875,55.0,55.0,159.0,55.0,60.0
241.054167,52.0,55.0,159.0,52.0,60.0
241.383333,76.0,75.0,159.25,76.0,60.0
241.385417,45.0,46.0,159.25,45.0,60.0
241.39375,64.0,59.0,159.25,64.0,60.0
241.7375,52.0,63.0,159.5,52.0,60.0
241.740625,49.0,67.0,159.5,49.0,60.0
242.167708,38.0,79.0,159.75,38.0,60.0
242.188542,78.0,94.0,159.75,78.0,60.0
242.188542,90.0,96.0,159.75,90.0,60.0
242.738542,57.0,67.0,160.0,57.0,72.0
242.751042,66.0,79.0,160.0,66.0,72.0
243.813542,88.0,57.0,160.5,88.0,60.0
243.821875,58.0,48.0,160.5,58.0,60.0
243.828125,64.0,51.0,160.5,64.0,60.0
243.828125,76.0,47.0,160.5,76.0,60.0
243.854167,54.0,38.0,160.5,54.0,60.0
244.165625,86.0,70.0,160.75,86.0,60.0
244.177083,55.0,52.0,160.75,55.0,60.0
244.179167,74.0,59.0,160.75,74.0,60.0
244.182292,59.0,45.0,160.75,59.0,60.0
244.1875,62.0,50.0,160.75,62.0,60.0
244.463542,83.0,79.0,161.0,83.0,60.0
244.473958,56.0,52.0,161.0,56.0,60.0
244.473958,65.0,46.0,161.0,65.0,60.0
244.49375,71.0,45.0,161.0,71.0,60.0
244.511458,62.0,34.0,161.0,62.0,60.0
244.785417,57.0,40.0,161.25,57.0,60.0
244.795833,83.0,72.0,161.25,83.0,60.0
245.114583,81.0,59.0,161.5,81.0,60.0
245.121875,66.0,43.0,161.5,66.0,60.0
245.130208,69.0,39.0,161.5,69.0,60.0
245.441667,81.0,45.0,161.75,81.0,60.0
245.510417,57.0,34.0,161.75,57.0,60.0
245.557292,93.0,56.0,161.875,93.0,60.0
246.0125,91.0,63.0,162.0,91.0,60.0
246.01875,71.0,44.0,162.0,71.0,60.0
246.041667,67.0,35.0,162.0,67.0,60.0
246.358333,57.0,35.0,162.25,57.0,60.0
246.39375,91.0,79.0,162.25,91.0,60.0
246.559375,90.0,66.0,162.375,90.0,60.0
246.6875,91.0,68.0,162.5,91.0,60.0
246.708333,64.0,46.0,162.5,64.0,60.0
246.708333,73.0,49.0,162.5,73.0,60.0
246.834375,88.0,58.0,162.625,88.0,60.0
247.01875,86.0,50.0,162.75,86.0,60.0
247.03125,62.0,39.0,162.75,50.0,60.0
247.504167,74.0,39.0,163.0,74.0,72.0
247.514583,66.0,32.0,163.0,66.0,72.0
248.905208,69.0,100.0,164.0,69.0,110.0
248.90625,81.0,92.0,164.0,81.0,110.0
248.907292,57.0,96.0,164.0,57.0,110.0
248.9125,45.0,86.0,164.0,45.0,110.0
249.252083,50.0,100.0,164.25,50.0,110.0
249.255208,86.0,99.0,164.25,86.0,110.0
249.25625,38.0,84.0,164.25,38.0,110.0
249.25625,77.0,90.0,164.25,77.0,110.0
249.258333,74.0,103.0,164.25,74.0,110.0
249.259375,81.0,90.0,164.25,81.0,110.0
249.639583,69.0,78.0,164.5,69.0,110.0
249.641667,65.0,96.0,164.5,65.0,110.0
249.64375,74.0,100.0,164.5,74.0,110.0
249.964583,62.0,97.0,164.75,62.0,110.0
249.970833,57.0,71.0,164.75,57.0,110.0
249.973958,53.0,74.0,164.75,53.0,110.0
249.978125,50.0,77.0,164.75,50.0,110.0
250.965625,81.0,87.0,165.5,81.0,110.0
250.965625,86.0,101.0,165.5,86.0,110.0
250.970833,77.0,100.0,165.5,77.0,110.0
250.975,50.0,98.0,165.5,50.0,110.0
250.98125,38.0,83.0,165.5,38.0,110.0
251.3,43.0,99.0,165.75,43.0,110.0
251.30625,76.0,102.0,165.75,76.0,110.0
251.307292,31.0,84.0,165.75,31.0,110.0
251.307292,88.0,94.0,165.75,88.0,110.0
251.308333,82.0,97.0,165.75,82.0,110.0
251.678125,70.0,90.0,166.0,70.0,110.0
251.679167,76.0,86.0,166.0,76.0,110.0
251.683333,74.0,79.0,166.0,74.0,110.0
252.009375,64.0,103.0,166.25,64.0,110.0
252.01875,55.0,81.0,166.25,55.0,110.0
252.020833,62.0,79.0,166.25,62.0,110.0
252.021875,58.0,85.0,166.25,58.0,110.0
252.980208,76.0,91.0,167.0,76.0,110.0
252.984375,43.0,89.0,167.0,43.0,110.0
252.984375,74.0,91.0,167.0,74.0,110.0
252.985417,31.0,78.0,167.0,31.0,110.0
253.340625,79.0,86.0,167.25,79.0,110.0
253.342708,73.0,96.0,167.25,73.0,110.0
253.345833,82.0,91.0,167.25,82.0,110.0
253.347917,45.0,86.0,167.25,45.0,110.0
253.354167,33.0,77.0,167.25,33.0,110.0
253.704167,33.0,65.0,167.5,33.0,110.0
253.707292,45.0,65.0,167.5,45.0,110.0
253.713542,73.0,68.0,167.5,73.0,110.0
253.715625,82.0,68.0,167.5,82.0,110.0
253.722917,79.0,62.0,167.5,79.0,110.0
253.828125,73.0,88.0,167.625,73.0,110.0
253.828125,82.0,78.0,167.625,82.0,110.0
253.838542,45.0,68.0,167.625,45.0,110.0
253.842708,79.0,62.0,167.625,79.0,110.0
253.866667,33.0,51.0,167.625,33.0,110.0
253.967708,77.0,86.0,167.75,77.0,110.0
253.979167,47.0,87.0,167.75,47.0,110.0
253.979167,81.0,92.0,167.75,81.0,110.0
253.983333,74.0,89.0,167.75,74.0,110.0
253.9875,35.0,71.0,167.75,35.0,110.0
254.28125,81.0,75.0,168.0,81.0,110.0
254.283333,74.0,77.0,168.0,74.0,110.0
254.286458,47.0,68.0,168.0,47.0,110.0
254.286458,77.0,66.0,168.0,77.0,110.0
254.29375,35.0,63.0,168.0,35.0,110.0
254.421875,81.0,63.0,168.125,81.0,110.0
254.425,77.0,69.0,168.125,77.0,110.0
254.4375,74.0,68.0,168.125,74.0,110.0
254.445833,47.0,76.0,168.125,47.0,110.0
254.458333,35.0,51.0,168.125,35.0,110.0
254.588542,79.0,90.0,168.25,79.0,110.0
254.595833,69.0,85.0,168.25,69.0,110.0
254.595833,76.0,82.0,168.25,76.0,110.0
254.604167,49.0,90.0,168.25,49.0,110.0
254.6125,37.0,74.0,168.25,37.0,110.0
254.902083,69.0,75.0,168.5,69.0,110.0
254.905208,79.0,76.0,168.5,79.0,110.0
254.9125,49.0,72.0,168.5,49.0,110.0
254.920833,37.0,60.0,168.5,37.0,110.0
254.928125,76.0,63.0,168.5,76.0,110.0
255.04375,79.0,73.0,168.625,79.0,110.0
255.052083,69.0,77.0,168.625,69.0,110.0
255.053125,49.0,81.0,168.625,49.0,110.0
255.061458,37.0,73.0,168.625,37.0,110.0
255.061458,76.0,74.0,168.625,76.0,110.0
255.186458,79.0,72.0,168.75,79.0,110.0
255.197917,50.0,85.0,168.75,50.0,110.0
255.208333,69.0,80.0,168.75,69.0,110.0
255.208333,76.0,74.0,168.75,76.0,110.0
255.209375,38.0,73.0,168.75,38.0,110.0
255.342708,74.0,83.0,168.875,74.0,110.0
255.345833,77.0,83.0,168.875,77.0,110.0
255.48125,76.0,81.0,169.0,76.0,110.0
255.490625,73.0,87.0,169.0,73.0,110.0
255.62604199999998,74.0,72.0,169.125,74.0,110.0
255.629167,77.0,77.0,169.125,77.0,110.0
255.66562499999998,53.0,86.0,169.125,53.0,110.0
255.67395800000003,41.0,72.0,169.125,41.0,110.0
255.804167,69.0,83.0,169.25,69.0,110.0
255.80624999999998,73.0,82.0,169.25,73.0,110.0
255.80729200000002,76.0,81.0,169.25,76.0,110.0
255.83333299999998,57.0,94.0,169.25,57.0,110.0
255.83749999999998,45.0,80.0,169.25,45.0,110.0
256.717708,88.0,102.0,170.0,88.0,110.0
257.058333,38.0,71.0,170.25,38.0,110.0
257.061458,50.0,81.0,170.25,50.0,110.0
257.067708,89.0,98.0,170.25,89.0,110.0
257.290625,83.0,69.0,170.375,83.0,110.0
257.415625,59.0,91.0,170.5,59.0,127.0
257.420833,50.0,74.0,170.5,50.0,127.0
257.427083,56.0,78.0,170.5,56.0,127.0
257.428125,86.0,96.0,170.5,86.0,110.0
257.434375,53.0,69.0,170.5,53.0,127.0
257.592708,80.0,76.0,170.625,80.0,110.0
257.720833,83.0,89.0,170.75,83.0,110.0
257.85,77.0,74.0,170.875,77.0,110.0
257.973958,80.0,93.0,171.0,80.0,110.0
257.975,62.0,82.0,171.0,62.0,110.0
257.986458,53.0,71.0,171.0,53.0,110.0
257.986458,56.0,59.0,171.0,56.0,110.0
257.991667,59.0,69.0,171.0,59.0,110.0
258.121875,74.0,79.0,171.125,74.0,110.0
258.255208,65.0,80.0,171.25,65.0,110.0
258.260417,77.0,90.0,171.25,77.0,110.0
258.261458,62.0,60.0,171.25,62.0,110.0
258.264583,59.0,68.0,171.25,59.0,110.0
258.275,56.0,61.0,171.25,56.0,110.0
258.397917,71.0,72.0,171.375,71.0,110.0
258.526042,74.0,87.0,171.5,74.0,110.0
258.678125,68.0,78.0,171.625,68.0,110.0
258.832292,48.0,86.0,171.75,48.0,110.0
258.834375,36.0,77.0,171.75,36.0,110.0
258.85,88.0,97.0,171.75,88.0,110.0
259.0375,81.0,80.0,171.875,81.0,110.0
259.197917,84.0,95.0,172.0,84.0,110.0
259.204167,57.0,85.0,172.0,57.0,127.0
259.209375,52.0,74.0,172.0,52.0,127.0
259.217708,48.0,72.0,172.0,48.0,127.0
259.360417,76.0,78.0,172.125,76.0,110.0
259.480208,81.0,93.0,172.25,81.0,110.0
259.621875,72.0,73.0,172.375,72.0,110.0
259.761458,60.0,83.0,172.5,60.0,110.0
259.761458,76.0,89.0,172.5,76.0,110.0
259.7625,57.0,74.0,172.5,57.0,110.0
259.765625,52.0,76.0,172.5,52.0,110.0
259.892708,69.0,74.0,172.625,69.0,110.0
260.048958,72.0,91.0,172.75,72.0,110.0
260.058333,64.0,78.0,172.75,64.0,110.0
260.061458,57.0,70.0,172.75,57.0,110.0
260.064583,60.0,66.0,172.75,60.0,110.0
260.2,64.0,76.0,172.875,64.0,110.0
260.333333,69.0,79.0,173.0,69.0,110.0
260.480208,60.0,72.0,173.125,60.0,110.0
260.65625,57.0,63.0,173.25,57.0,110.0
260.65625,69.0,77.0,173.25,69.0,110.0
260.814583,50.0,59.0,173.375,50.0,110.0
260.8375,62.0,66.0,173.375,62.0,110.0
260.970833,65.0,80.0,173.5,65.0,110.0
260.975,53.0,64.0,173.5,53.0,110.0
261.079167,47.0,62.0,173.625,47.0,110.0
261.119792,59.0,78.0,173.625,59.0,110.0
261.248958,62.0,89.0,173.75,62.0,110.0
261.255208,50.0,77.0,173.75,50.0,110.0
261.380208,57.0,76.0,173.875,57.0,110.0
261.391667,45.0,70.0,173.875,45.0,110.0
261.525,59.0,86.0,174.0,59.0,110.0
261.526042,47.0,67.0,174.0,47.0,110.0
261.677083,53.0,83.0,174.125,53.0,110.0
261.68125,41.0,71.0,174.125,41.0,110.0
261.813542,57.0,88.0,174.25,57.0,110.0
261.825,45.0,81.0,174.25,45.0,110.0
261.948958,38.0,71.0,174.375,38.0,110.0
261.95,50.0,80.0,174.375,50.0,110.0
262.083333,53.0,87.0,174.5,53.0,110.0
262.108333,41.0,67.0,174.5,41.0,110.0
262.205208,47.0,82.0,174.625,47.0,110.0
262.215625,35.0,68.0,174.625,35.0,110.0
262.366667,48.0,94.0,174.75,48.0,110.0
262.389583,36.0,72.0,174.75,36.0,110.0
262.45,38.0,33.0,174.84375,38.0,110.0
262.511458,48.0,80.0,174.9375,48.0,110.0
262.580208,36.0,53.0,174.9375,36.0,110.0
262.589583,50.0,66.0,175.03125,50.0,110.0
262.665625,36.0,61.0,175.03125,38.0,110.0
262.783333,38.0,68.0,175.125,38.0,110.0
262.790625,50.0,93.0,175.125,50.0,110.0
262.933333,52.0,95.0,175.25,52.0,110.0
262.939583,40.0,88.0,175.25,40.0,110.0
263.592708,76.0,79.0,175.75,76.0,110.0
263.592708,80.0,92.0,175.75,80.0,110.0
263.595833,68.0,95.0,175.75,68.0,110.0
263.602083,71.0,77.0,175.75,71.0,110.0
263.608333,52.0,89.0,175.75,52.0,110.0
263.615625,40.0,76.0,175.75,40.0,110.0
264.244792,72.0,82.0,176.25,72.0,110.0
264.245833,81.0,95.0,176.25,81.0,110.0
264.246875,69.0,95.0,176.25,69.0,110.0
264.246875,76.0,79.0,176.25,76.0,110.0
264.248958,45.0,91.0,176.25,45.0,110.0
264.260417,33.0,75.0,176.25,33.0,110.0
264.65625,69.0,98.0,176.5,69.0,110.0
265.040625,57.0,96.0,176.75,57.0,110.0
265.046875,45.0,76.0,176.75,45.0,110.0
266.458333,88.0,52.0,177.5,88.0,60.0
266.46875,76.0,52.0,177.5,76.0,60.0
266.946875,50.0,35.0,177.75,50.0,60.0
267.008333,89.0,58.0,177.75,89.0,60.0
267.030208,77.0,24.0,177.75,77.0,60.0
267.3125,53.0,28.0,177.875,53.0,60.0
267.510417,58.0,31.0,178.0,58.0,60.0
267.5125,82.0,53.0,178.0,82.0,60.0
267.540625,70.0,31.0,178.0,70.0,60.0
267.707292,53.0,38.0,178.125,53.0,60.0
267.854167,50.0,40.0,178.25,50.0,60.0
268.010417,53.0,46.0,178.375,53.0,60.0
268.160417,58.0,45.0,178.5,58.0,60.0
268.172917,77.0,56.0,178.5,77.0,60.0
268.177083,65.0,46.0,178.5,65.0,60.0
268.325,53.0,38.0,178.625,53.0,60.0
268.489583,50.0,43.0,178.75,50.0,60.0
268.490625,70.0,68.0,178.75,70.0,60.0
268.5,58.0,51.0,178.75,58.0,60.0
268.667708,53.0,46.0,178.875,53.0,60.0
268.817708,58.0,47.0,179.0,58.0,60.0
268.817708,89.0,73.0,179.0,89.0,60.0
268.825,77.0,69.0,179.0,77.0,60.0
268.977083,53.0,43.0,179.125,53.0,60.0
269.136458,48.0,42.0,179.25,48.0,60.0
269.203125,88.0,70.0,179.25,88.0,60.0
269.217708,76.0,60.0,179.25,76.0,60.0
269.405208,52.0,44.0,179.375,52.0,60.0
269.590625,57.0,36.0,179.5,57.0,60.0
269.626042,81.0,62.0,179.5,81.0,60.0
269.634375,69.0,47.0,179.5,69.0,60.0
269.760417,52.0,39.0,179.625,52.0,60.0
269.921875,48.0,51.0,179.75,48.0,60.0
270.064583,52.0,49.0,179.875,52.0,60.0
270.203125,76.0,61.0,180.0,76.0,60.0
270.205208,57.0,46.0,180.0,57.0,60.0
270.208333,64.0,50.0,180.0,64.0,60.0
270.35625,52.0,46.0,180.125,52.0,60.0
270.488542,48.0,48.0,180.25,48.0,60.0
270.514583,69.0,65.0,180.25,69.0,60.0
270.516667,57.0,40.0,180.25,57.0,60.0
270.66875,52.0,48.0,180.375,52.0,60.0
270.811458,69.0,67.0,180.5,69.0,60.0
270.816667,57.0,70.0,180.5,57.0,60.0
270.95,52.0,54.0,180.625,52.0,60.0
271.157292,47.0,32.0,180.75,47.0,60.0
271.160417,68.0,64.0,180.75,68.0,60.0
271.177083,56.0,43.0,180.75,56.0,60.0
271.369792,50.0,43.0,180.875,50.0,60.0
271.554167,76.0,65.0,181.0,76.0,60.0
271.558333,56.0,45.0,181.0,56.0,60.0
271.579167,64.0,25.0,181.0,64.0,60.0
271.698958,50.0,43.0,181.125,50.0,60.0
271.880208,47.0,51.0,181.25,47.0,60.0
272.033333,50.0,50.0,181.375,50.0,60.0
272.155208,80.0,67.0,181.5,80.0,60.0
272.172917,68.0,52.0,181.5,68.0,60.0
272.18125,56.0,48.0,181.5,56.0,60.0
272.313542,50.0,39.0,181.625,50.0,60.0
272.463542,47.0,43.0,181.75,47.0,60.0
272.477083,88.0,64.0,181.75,88.0,60.0
272.488542,76.0,53.0,181.75,76.0,60.0
272.6375,50.0,48.0,181.875,50.0,60.0
272.797917,88.0,73.0,182.0,88.0,60.0
272.807292,76.0,62.0,182.0,76.0,60.0
272.813542,56.0,39.0,182.0,56.0,60.0
272.929167,50.0,39.0,182.125,50.0,60.0
273.152083,48.0,40.0,182.25,48.0,60.0
273.2,88.0,62.0,182.25,88.0,60.0
273.214583,76.0,48.0,182.25,76.0,60.0
273.4125,52.0,36.0,182.375,52.0,59.0
273.589583,57.0,45.0,182.5,57.0,58.0
273.730208,52.0,43.0,182.625,52.0,56.0
273.876042,48.0,53.0,182.75,48.0,55.0
274.047917,52.0,52.0,182.875,52.0,53.0
274.186458,57.0,49.0,183.0,57.0,52.0
274.1875,86.0,67.0,183.0,86.0,52.0
274.2,74.0,51.0,183.0,74.0,52.0
274.307292,52.0,51.0,183.125,52.0,50.0
274.330208,88.0,71.0,183.125,88.0,50.0
274.344792,76.0,49.0,183.125,76.0,50.0
274.5,50.0,41.0,183.25,50.0,50.0
274.509375,89.0,73.0,183.25,89.0,50.0
274.526042,77.0,47.0,183.25,77.0,50.0
274.686458,53.0,46.0,183.375,53.0,50.0
274.85,88.0,68.0,183.5,88.0,50.0
274.85625,76.0,61.0,183.5,76.0,50.0
274.858333,58.0,38.0,183.5,58.0,50.0
274.983333,53.0,41.0,183.625,53.0,50.0
275.004167,86.0,67.0,183.625,86.0,50.0
275.010417,74.0,64.0,183.625,74.0,50.0
275.228125,84.0,62.0,183.75,84.0,50.0
275.233333,72.0,52.0,183.75,72.0,50.0
275.236458,52.0,32.0,183.75,52.0,50.0
275.414583,57.0,38.0,183.875,57.0,50.0
275.59375,60.0,42.0,184.0,60.0,50.0
275.75,57.0,45.0,184.125,57.0,50.0
275.908333,52.0,41.0,184.25,52.0,50.0
276.061458,57.0,44.0,184.375,57.0,50.0
276.247917,60.0,46.0,184.5,60.0,50.0
276.379167,57.0,34.0,184.625,57.0,50.0
276.570833,83.0,50.0,184.75,83.0,50.0
276.572917,52.0,30.0,184.75,52.0,50.0
276.591667,71.0,40.0,184.75,71.0,50.0
276.755208,56.0,40.0,184.875,56.0,50.0
276.986458,59.0,29.0,185.0,59.0,50.0
277.1375,56.0,38.0,185.125,56.0,50.0
277.4625,49.0,24.0,185.25,49.0,50.0
277.539583,88.0,58.0,185.25,88.0,50.0
277.558333,76.0,42.0,185.25,76.0,50.0
277.820833,52.0,27.0,185.375,52.0,50.0
277.966667,57.0,39.0,185.5,57.0,50.0
278.113542,52.0,41.0,185.625,52.0,50.0
278.270833,49.0,44.0,185.75,49.0,50.0
278.426042,52.0,46.0,185.875,52.0,50.0
278.588542,87.0,68.0,186.0,87.0,50.0
278.605208,57.0,43.0,186.0,57.0,50.0
278.60625,75.0,47.0,186.0,75.0,50.0
278.751042,88.0,67.0,186.125,88.0,50.0
278.752083,52.0,46.0,186.125,52.0,50.0
278.776042,76.0,49.0,186.125,76.0,50.0
278.954167,50.0,44.0,186.25,50.0,50.0
278.963542,90.0,62.0,186.25,90.0,50.0
278.984375,78.0,37.0,186.25,78.0,50.0
279.13125,54.0,41.0,186.375,54.0,50.0
279.325,57.0,35.0,186.5,57.0,50.0
279.325,92.0,63.0,186.5,92.0,50.0
279.327083,80.0,50.0,186.5,80.0,50.0
279.46875,54.0,36.0,186.625,54.0,50.0
279.495833,81.0,61.0,186.625,81.0,50.0
279.502083,93.0,61.0,186.625,93.0,50.0
279.764583,52.0,32.0,186.75,52.0,50.0
279.811458,85.0,62.0,186.75,85.0,50.0
279.816667,73.0,53.0,186.75,73.0,50.0
280.002083,57.0,40.0,186.875,57.0,50.0
280.178125,61.0,47.0,187.0,61.0,50.0
280.321875,57.0,41.0,187.125,57.0,50.0
280.4625,52.0,45.0,187.25,52.0,50.0
280.642708,57.0,46.0,187.375,57.0,50.0
280.770833,86.0,65.0,187.5,86.0,50.0
280.792708,74.0,37.0,187.5,74.0,50.0
280.797917,61.0,38.0,187.5,61.0,50.0
280.922917,57.0,40.0,187.625,57.0,50.0
280.922917,88.0,67.0,187.625,88.0,50.0
280.942708,76.0,44.0,187.625,76.0,50.0
281.10625,86.0,68.0,187.75,86.0,50.0
281.114583,74.0,55.0,187.75,74.0,50.0
281.119792,52.0,37.0,187.75,52.0,50.0
281.2625,56.0,51.0,187.875,56.0,50.0
281.416667,85.0,69.0,188.0,85.0,50.0
281.421875,73.0,65.0,188.0,73.0,50.0
281.480208,62.0,29.0,188.0,62.0,50.0
281.589583,83.0,66.0,188.125,83.0,50.0
281.595833,56.0,43.0,188.125,56.0,50.0
281.608333,71.0,51.0,188.125,71.0,50.0
281.841667,81.0,55.0,188.25,81.0,50.0
281.9,61.0,27.0,188.25,61.0,50.0
281.904167,57.0,20.0,188.25,57.0,50.0
282.342708,61.0,30.0,188.5,61.0,50.0
282.348958,76.0,58.0,188.5,76.0,50.0
282.376042,69.0,26.0,188.5,69.0,50.0
282.380208,52.0,31.0,188.5,52.0,50.0
282.728125,78.0,70.0,188.75,78.0,50.0
282.736458,69.0,44.0,188.75,69.0,50.0
282.747917,62.0,37.0,188.75,62.0,50.0
282.767708,52.0,39.0,188.75,52.0,50.0
283.070833,76.0,67.0,189.0,76.0,50.0
283.078125,61.0,47.0,189.0,61.0,50.0
283.084375,69.0,48.0,189.0,69.0,50.0
283.094792,52.0,33.0,189.0,52.0,50.0
283.405208,76.0,58.0,189.25,76.0,50.0
283.414583,52.0,43.0,189.25,52.0,50.0
283.41875,69.0,40.0,189.25,69.0,50.0
283.422917,59.0,37.0,189.25,59.0,50.0
283.75625,52.0,37.0,189.5,52.0,50.0
283.770833,76.0,50.0,189.5,76.0,50.0
283.785417,62.0,34.0,189.5,62.0,50.0
283.786458,68.0,31.0,189.5,68.0,50.0
284.130208,57.0,28.0,189.75,57.0,50.0
284.134375,61.0,30.0,189.75,61.0,50.0
284.140625,69.0,32.0,189.75,69.0,50.0
284.142708,76.0,44.0,189.75,76.0,50.0
284.4625,76.0,51.0,190.0,76.0,50.0
284.469792,69.0,43.0,190.0,69.0,50.0
284.475,61.0,38.0,190.0,61.0,50.0
284.494792,52.0,38.0,190.0,52.0,50.0
284.876042,52.0,37.0,190.25,52.0,50.0
284.885417,78.0,51.0,190.25,78.0,50.0
284.886458,81.0,56.0,190.25,81.0,50.0
284.895833,62.0,29.0,190.25,62.0,50.0
284.897917,69.0,26.0,190.25,69.0,50.0
285.327083,76.0,60.0,190.5,76.0,50.0
285.329167,69.0,35.0,190.5,69.0,50.0
285.334375,61.0,42.0,190.5,61.0,50.0
285.35,52.0,43.0,190.5,52.0,50.0
285.655208,76.0,56.0,190.75,76.0,50.0
285.66875,52.0,47.0,190.75,52.0,50.0
285.682292,59.0,42.0,190.75,59.0,50.0
285.692708,69.0,44.0,190.75,69.0,50.0
285.785417,68.0,60.0,190.875,68.0,50.0
285.922917,69.0,44.0,191.0,69.0,50.0
285.946875,76.0,59.0,191.0,76.0,50.0
285.954167,52.0,42.0,191.0,52.0,50.0
285.969792,62.0,40.0,191.0,62.0,50.0
286.073958,71.0,57.0,191.125,71.0,50.0
286.238542,69.0,51.0,191.25,69.0,50.0
286.258333,57.0,36.0,191.25,57.0,50.0
286.258333,61.0,41.0,191.25,61.0,50.0
286.261458,76.0,53.0,191.25,76.0,50.0
286.5625,68.0,51.0,191.5,68.0,50.0
286.567708,76.0,54.0,191.5,76.0,50.0
286.572917,59.0,37.0,191.5,59.0,50.0
286.575,52.0,36.0,191.5,52.0,50.0
286.8875,76.0,49.0,191.75,76.0,50.0
286.895833,69.0,46.0,191.75,69.0,50.0
286.901042,61.0,38.0,191.75,61.0,50.0
286.916667,57.0,27.0,191.75,57.0,50.0
287.188542,73.0,47.0,192.0,73.0,50.0
287.220833,52.0,33.0,192.0,52.0,50.0
287.229167,62.0,30.0,192.0,62.0,50.0
287.241667,68.0,42.0,192.0,68.0,50.0
287.241667,71.0,45.0,192.0,71.0,50.0
287.615625,69.0,39.0,192.25,69.0,50.0
287.642708,61.0,31.0,192.25,61.0,50.0
287.645833,76.0,36.0,192.25,76.0,50.0
287.664583,57.0,20.0,192.25,57.0,50.0
288.042708,45.0,95.0,192.5,45.0,110.0
288.053125,33.0,84.0,192.5,33.0,110.0
288.397917,43.0,98.0,192.75,43.0,110.0
288.405208,31.0,80.0,192.75,31.0,110.0
288.736458,81.0,97.0,193.0,81.0,110.0
288.739583,69.0,97.0,193.0,69.0,110.0
289.064583,76.0,64.0,193.25,76.0,110.0
289.06875,55.0,103.0,193.25,55.0,110.0
289.071875,82.0,105.0,193.25,82.0,110.0
289.072917,70.0,106.0,193.25,70.0,110.0
289.075,73.0,86.0,193.25,73.0,110.0
289.077083,43.0,84.0,193.25,43.0,110.0
289.41875,70.0,93.0,193.5,70.0,110.0
289.420833,61.0,91.0,193.5,60.0,110.0
289.423958,64.0,68.0,193.5,64.0,110.0
289.755208,58.0,95.0,193.75,58.0,110.0
289.7625,46.0,83.0,193.75,46.0,110.0
290.077083,43.0,101.0,194.0,43.0,110.0
290.088542,31.0,83.0,194.0,31.0,110.0
290.407292,41.0,99.0,194.25,41.0,110.0
290.416667,29.0,84.0,194.25,29.0,110.0
290.719792,73.0,102.0,194.5,73.0,110.0
290.719792,85.0,94.0,194.5,85.0,110.0
290.729167,82.0,81.0,194.5,82.0,110.0
291.040625,86.0,97.0,194.75,86.0,110.0
291.046875,74.0,93.0,194.75,74.0,110.0
291.047917,77.0,75.0,194.75,77.0,110.0
291.051042,82.0,80.0,194.75,82.0,110.0
291.053125,53.0,93.0,194.75,53.0,110.0
291.05625,41.0,77.0,194.75,41.0,110.0
291.389583,62.0,86.0,195.0,65.0,110.0
291.389583,74.0,90.0,195.0,74.0,110.0
291.391667,70.0,62.0,195.0,70.0,110.0
291.725,58.0,98.0,195.25,58.0,110.0
291.730208,46.0,82.0,195.25,46.0,110.0
292.016667,52.0,91.0,195.5,52.0,100.0
292.026042,40.0,80.0,195.5,40.0,100.0
292.333333,53.0,105.0,195.75,53.0,100.0
292.338542,41.0,83.0,195.75,41.0,100.0
292.65,76.0,99.0,196.0,76.0,100.0
292.65,88.0,98.0,196.0,88.0,100.0
292.980208,81.0,80.0,196.25,81.0,100.0
292.980208,89.0,101.0,196.25,89.0,100.0
292.984375,65.0,92.0,196.25,65.0,100.0
292.985417,77.0,93.0,196.25,77.0,100.0
292.988542,53.0,77.0,196.25,53.0,100.0
292.990625,87.0,87.0,196.25,87.0,100.0
293.320833,77.0,87.0,196.5,77.0,100.0
293.323958,69.0,88.0,196.5,69.0,100.0
293.332292,75.0,78.0,196.5,75.0,100.0
293.639583,69.0,91.0,196.75,69.0,100.0
293.654167,57.0,76.0,196.75,57.0,100.0
293.945833,53.0,94.0,197.0,53.0,100.0
293.953125,41.0,82.0,197.0,41.0,100.0
294.283333,46.0,95.0,197.25,46.0,100.0
294.290625,34.0,86.0,197.25,34.0,100.0
294.614583,82.0,93.0,197.5,82.0,100.0
294.61875,77.0,74.0,197.5,77.0,100.0
294.619792,74.0,86.0,197.5,74.0,100.0
294.939583,86.0,93.0,197.75,86.0,100.0
294.945833,77.0,76.0,197.75,77.0,100.0
294.95,74.0,91.0,197.75,74.0,100.0
294.953125,58.0,88.0,197.75,58.0,100.0
294.955208,46.0,78.0,197.75,46.0,100.0
295.29375,70.0,91.0,198.0,70.0,100.0
295.296875,65.0,76.0,198.0,65.0,100.0
295.613542,62.0,92.0,198.25,62.0,100.0
295.616667,50.0,81.0,198.25,50.0,100.0
295.782292,92.0,45.0,198.5,89.0,100.0
295.929167,58.0,80.0,198.5,58.0,100.0
295.938542,46.0,79.0,198.5,46.0,100.0
296.270833,94.0,101.0,198.75,94.0,100.0
296.272917,55.0,92.0,198.75,55.0,100.0
296.279167,43.0,76.0,198.75,43.0,100.0
296.48125,88.0,75.0,198.875,88.0,100.0
296.639583,91.0,103.0,199.0,91.0,100.0
296.644792,64.0,95.0,199.0,64.0,100.0
296.651042,55.0,77.0,199.0,55.0,100.0
296.65625,58.0,74.0,199.0,58.0,100.0
296.65625,61.0,78.0,199.0,61.0,100.0
296.786458,85.0,71.0,199.125,85.0,100.0
296.911458,88.0,93.0,199.25,88.0,100.0
297.036458,82.0,84.0,199.375,82.0,100.0
297.16875,85.0,101.0,199.5,85.0,100.0
297.185417,67.0,89.0,199.5,67.0,100.0
297.189583,64.0,72.0,199.5,64.0,100.0
297.191667,61.0,64.0,199.5,61.0,100.0
297.19375,58.0,71.0,199.5,58.0,100.0
297.313542,79.0,82.0,199.625,79.0,100.0
297.4625,70.0,93.0,199.75,70.0,100.0
297.464583,82.0,95.0,199.75,82.0,100.0
297.470833,64.0,66.0,199.75,64.0,100.0
297.472917,67.0,68.0,199.75,67.0,100.0
297.475,61.0,71.0,199.75,62.0,100.0
297.627083,76.0,79.0,199.875,76.0,100.0
297.758333,79.0,89.0,200.0,79.0,100.0
297.907292,73.0,73.0,200.125,73.0,100.0
298.048958,41.0,79.0,200.25,41.0,100.0
298.052083,53.0,91.0,200.25,53.0,100.0
298.071875,93.0,100.0,200.25,93.0,100.0
298.252083,86.0,74.0,200.375,86.0,100.0
298.41875,89.0,92.0,200.5,89.0,100.0
298.422917,62.0,85.0,200.5,62.0,100.0
298.433333,53.0,76.0,200.5,53.0,100.0
298.435417,57.0,72.0,200.5,57.0,100.0
298.5875,81.0,77.0,200.625,81.0,100.0
298.714583,86.0,93.0,200.75,86.0,100.0
298.854167,77.0,76.0,200.875,77.0,100.0
298.991667,81.0,85.0,201.0,81.0,100.0
299.001042,62.0,69.0,201.0,62.0,100.0
299.002083,65.0,79.0,201.0,65.0,100.0
299.009375,57.0,70.0,201.0,57.0,100.0
299.129167,74.0,77.0,201.125,74.0,100.0
299.267708,69.0,84.0,201.25,69.0,100.0
299.276042,62.0,74.0,201.25,62.0,100.0
299.276042,77.0,91.0,201.25,77.0,100.0
299.280208,65.0,67.0,201.25,65.0,100.0
299.420833,69.0,72.0,201.375,69.0,100.0
299.558333,74.0,80.0,201.5,74.0,100.0
299.704167,65.0,69.0,201.625,65.0,100.0
299.859375,62.0,64.0,201.75,62.0,100.0
299.864583,74.0,77.0,201.75,74.0,100.0
300.021875,67.0,64.0,201.875,67.0,100.0
300.032292,55.0,51.0,201.875,55.0,100.0
300.145833,58.0,59.0,202.0,58.0,100.0
300.154167,70.0,77.0,202.0,70.0,100.0
300.275,52.0,69.0,202.125,52.0,100.0
300.292708,64.0,73.0,202.125,64.0,100.0
300.428125,67.0,85.0,202.25,67.0,100.0
300.460417,55.0,45.0,202.25,55.0,100.0
300.564583,62.0,72.0,202.375,62.0,100.0
300.575,50.0,69.0,202.375,50.0,100.0
300.7,52.0,70.0,202.5,52.0,100.0
300.707292,64.0,77.0,202.5,64.0,100.0
300.832292,46.0,78.0,202.625,46.0,100.0
300.84375,58.0,86.0,202.625,58.0,100.0
300.997917,50.0,75.0,202.75,50.0,100.0
300.998958,62.0,84.0,202.75,62.0,100.0
301.115625,43.0,71.0,202.875,43.0,100.0
301.119792,55.0,77.0,202.875,55.0,100.0
301.255208,58.0,85.0,203.0,58.0,100.0
301.265625,46.0,71.0,203.0,46.0,100.0
301.380208,52.0,83.0,203.125,52.0,100.0
301.385417,40.0,70.0,203.125,40.0,100.0
301.548958,53.0,85.0,203.25,53.0,100.0
301.571875,41.0,76.0,203.25,41.0,100.0
301.6875,53.0,79.0,203.4375,53.0,100.0
301.725,41.0,60.0,203.4375,41.0,100.0
301.814583,53.0,72.0,203.53125,55.0,100.0
301.841667,41.0,71.0,203.53125,43.0,100.0
301.942708,43.0,73.0,203.625,43.0,100.0
301.95,55.0,91.0,203.625,55.0,100.0
302.104167,57.0,97.0,203.75,57.0,100.0
302.11875,45.0,89.0,203.75,45.0,100.0
302.823958,81.0,78.0,204.25,81.0,100.0
302.827083,85.0,95.0,204.25,85.0,100.0
302.830208,73.0,96.0,204.25,73.0,100.0
302.8375,76.0,76.0,204.25,76.0,100.0
302.854167,45.0,61.0,204.25,45.0,100.0
302.854167,57.0,73.0,204.25,57.0,100.0
303.490625,50.0,89.0,204.75,50.0,100.0
303.495833,86.0,91.0,204.75,86.0,100.0
303.498958,38.0,74.0,204.75,38.0,100.0
303.5,74.0,95.0,204.75,74.0,100.0
303.5,77.0,73.0,204.75,77.0,100.0
303.5,81.0,71.0,204.75,81.0,100.0
303.892708,74.0,92.0,205.0,74.0,100.0
304.267708,62.0,90.0,205.25,62.0,100.0
304.276042,50.0,72.0,205.25,50.0,100.0
305.807292,93.0,49.0,206.0,93.0,60.0
305.813542,81.0,41.0,206.0,81.0,60.0
306.310417,55.0,37.0,206.25,55.0,60.0
306.35625,82.0,35.0,206.25,82.0,60.0
306.358333,94.0,50.0,206.25,94.0,60.0
306.689583,58.0,29.0,206.375,58.0,60.0
306.910417,63.0,38.0,206.5,63.0,60.0
306.942708,87.0,49.0,206.5,87.0,60.0
306.95,75.0,36.0,206.5,75.0,60.0
307.1,58.0,32.0,206.625,58.0,60.0
307.258333,55.0,39.0,206.75,55.0,60.0
307.405208,58.0,36.0,206.875,58.0,60.0
307.582292,63.0,39.0,207.0,63.0,60.0
307.583333,82.0,53.0,207.0,82.0,60.0
307.597917,70.0,39.0,207.0,70.0,60.0
307.727083,58.0,36.0,207.125,58.0,60.0
307.910417,75.0,57.0,207.25,75.0,60.0
307.911458,55.0,41.0,207.25,55.0,60.0
307.915625,63.0,45.0,207.25,63.0,60.0
308.046875,58.0,44.0,207.375,58.0,60.0
308.225,63.0,28.0,207.5,63.0,60.0
308.241667,94.0,69.0,207.5,94.0,60.0
308.270833,82.0,48.0,207.5,82.0,60.0
308.408333,58.0,27.0,207.625,58.0,60.0
308.609375,53.0,35.0,207.75,53.0,60.0
308.676042,93.0,59.0,207.75,93.0,60.0
308.685417,81.0,40.0,207.75,81.0,60.0
308.910417,57.0,32.0,207.875,57.0,60.0
309.108333,62.0,29.0,208.0,62.0,60.0
309.116667,86.0,57.0,208.0,86.0,60.0
309.13125,74.0,39.0,208.0,74.0,60.0
309.25625,57.0,36.0,208.125,57.0,60.0
309.432292,53.0,45.0,208.25,53.0,60.0
309.619792,57.0,40.0,208.375,57.0,60.0
309.733333,81.0,62.0,208.5,81.0,60.0
309.752083,62.0,44.0,208.5,62.0,60.0
309.755208,69.0,46.0,208.5,69.0,60.0
309.91875,57.0,35.0,208.625,57.0,60.0
310.036458,53.0,33.0,208.75,53.0,60.0
310.058333,74.0,61.0,208.75,74.0,60.0
310.210417,57.0,36.0,208.875,57.0,60.0
310.376042,74.0,66.0,209.0,74.0,60.0
310.379167,62.0,57.0,209.0,62.0,60.0
310.5125,57.0,38.0,209.125,57.0,60.0
310.719792,52.0,40.0,209.25,52.0,60.0
310.766667,73.0,61.0,209.25,73.0,60.0
310.814583,61.0,24.0,209.25,61.0,60.0
310.990625,55.0,45.0,209.375,55.0,60.0
311.19375,81.0,61.0,209.5,81.0,60.0
311.204167,69.0,51.0,209.5,69.0,60.0
311.213542,61.0,36.0,209.5,61.0,60.0
311.370833,55.0,40.0,209.625,55.0,60.0
311.532292,52.0,38.0,209.75,52.0,60.0
311.703125,55.0,49.0,209.875,55.0,60.0
311.834375,85.0,58.0,210.0,85.0,60.0
311.854167,73.0,45.0,210.0,73.0,60.0
311.873958,61.0,38.0,210.0,61.0,60.0
312.001042,55.0,43.0,210.125,55.0,60.0
312.139583,52.0,38.0,210.25,52.0,60.0
312.1625,93.0,78.0,210.25,93.0,60.0
312.16875,81.0,59.0,210.25,81.0,60.0
312.339583,55.0,41.0,210.375,55.0,60.0
312.5,61.0,46.0,210.5,61.0,60.0
312.508333,93.0,77.0,210.5,93.0,60.0
312.522917,81.0,43.0,210.5,81.0,60.0
312.678125,55.0,42.0,210.625,55.0,60.0
312.942708,53.0,35.0,210.75,53.0,60.0
312.954167,81.0,54.0,210.75,81.0,60.0
312.9625,93.0,67.0,210.75,93.0,60.0
313.208333,57.0,32.0,210.875,57.0,60.0
313.383333,62.0,41.0,211.0,62.0,60.0
313.50625,57.0,45.0,211.125,57.0,60.0
313.676042,53.0,52.0,211.25,53.0,60.0
313.841667,57.0,46.0,211.375,57.0,60.0
313.970833,62.0,47.0,211.5,62.0,60.0
314.001042,91.0,57.0,211.5,91.0,60.0
314.009375,79.0,39.0,211.5,79.0,60.0
314.120833,57.0,37.0,211.625,57.0,60.0
314.130208,93.0,79.0,211.625,93.0,60.0
314.135417,81.0,65.0,211.625,81.0,60.0
314.313542,55.0,43.0,211.75,55.0,60.0
314.334375,94.0,69.0,211.75,94.0,60.0
314.348958,82.0,57.0,211.75,82.0,60.0
314.497917,58.0,48.0,211.875,58.0,60.0
314.66875,93.0,74.0,212.0,93.0,60.0
314.678125,81.0,64.0,212.0,81.0,60.0
314.688542,63.0,43.0,212.0,63.0,60.0
314.8125,58.0,42.0,212.125,58.0,60.0
314.828125,91.0,75.0,212.125,91.0,60.0
314.834375,79.0,60.0,212.125,79.0,60.0
315.033333,57.0,37.0,212.25,57.0,60.0
315.0375,89.0,68.0,212.25,89.0,60.0
315.04375,77.0,52.0,212.25,77.0,60.0
315.23125,62.0,37.0,212.375,62.0,60.0
315.394792,65.0,43.0,212.5,65.0,60.0
315.567708,62.0,36.0,212.625,62.0,60.0
315.705208,57.0,37.0,212.75,57.0,60.0
315.892708,62.0,43.0,212.875,62.0,60.0
316.067708,65.0,46.0,213.0,65.0,60.0
316.2125,62.0,40.0,213.125,62.0,60.0
316.40625,88.0,47.0,213.25,88.0,60.0
316.407292,57.0,34.0,213.25,57.0,60.0
316.423958,76.0,38.0,213.25,76.0,60.0
316.639583,61.0,43.0,213.375,61.0,60.0
316.85625,64.0,25.0,213.5,64.0,60.0
317.095833,61.0,13.0,213.625,61.0,60.0
317.329167,54.0,38.0,213.75,54.0,60.0
317.433333,81.0,51.0,213.75,81.0,60.0
317.472917,74.0,37.0,213.75,74.0,60.0
317.725,57.0,27.0,213.875,57.0,60.0
317.88125,62.0,35.0,214.0,62.0,60.0
318.033333,57.0,34.0,214.125,57.0,60.0
318.216667,54.0,35.0,214.25,54.0,60.0
318.379167,57.0,47.0,214.375,57.0,60.0
318.540625,80.0,57.0,214.5,80.0,60.0
318.557292,62.0,36.0,214.5,62.0,60.0
318.704167,81.0,63.0,214.625,81.0,60.0
318.720833,57.0,33.0,214.625,57.0,60.0
318.886458,83.0,66.0,214.75,83.0,60.0
318.910417,74.0,47.0,214.75,74.0,60.0
318.922917,55.0,34.0,214.75,55.0,60.0
319.066667,59.0,37.0,214.875,59.0,60.0
319.269792,85.0,67.0,215.0,85.0,60.0
319.272917,62.0,31.0,215.0,62.0,60.0
319.421875,86.0,71.0,215.125,86.0,60.0
319.458333,59.0,37.0,215.125,59.0,60.0
319.688542,57.0,34.0,215.25,57.0,60.0
319.7125,78.0,59.0,215.25,78.0,60.0
319.733333,74.0,39.0,215.25,74.0,60.0
319.747917,69.0,39.0,215.25,69.0,60.0
319.926042,62.0,39.0,215.375,62.0,60.0
320.077083,66.0,46.0,215.5,66.0,60.0
320.227083,62.0,45.0,215.625,62.0,60.0
320.402083,57.0,41.0,215.75,57.0,60.0
320.552083,62.0,45.0,215.875,62.0,60.0
320.717708,79.0,61.0,216.0,79.0,60.0
320.73125,66.0,48.0,216.0,66.0,60.0
320.866667,62.0,40.0,216.125,62.0,60.0
320.880208,81.0,62.0,216.125,81.0,60.0
321.067708,57.0,40.0,216.25,57.0,60.0
321.072917,79.0,52.0,216.25,79.0,60.0
321.094792,73.0,47.0,216.25,73.0,60.0
321.097917,69.0,24.0,216.25,69.0,60.0
321.271875,64.0,45.0,216.375,64.0,60.0
321.433333,78.0,55.0,216.5,78.0,60.0
321.478125,66.0,45.0,216.5,66.0,60.0
321.615625,76.0,49.0,216.625,76.0,60.0
321.629167,67.0,37.0,216.625,67.0,60.0
321.875,66.0,35.0,216.75,66.0,60.0
321.880208,62.0,20.0,216.75,62.0,60.0
321.880208,74.0,46.0,216.75,74.0,60.0
322.334375,81.0,60.0,217.0,81.0,60.0
322.342708,74.0,39.0,217.0,74.0,60.0
322.348958,66.0,24.0,217.0,66.0,60.0
322.376042,57.0,33.0,217.0,57.0,60.0
322.720833,83.0,67.0,217.25,83.0,72.0
322.740625,67.0,51.0,217.25,67.0,60.0
322.747917,74.0,55.0,217.25,74.0,72.0
322.767708,57.0,33.0,217.25,57.0,60.0
323.058333,81.0,69.0,217.5,81.0,60.0
323.064583,74.0,61.0,217.5,74.0,60.0
323.083333,66.0,47.0,217.5,66.0,60.0
323.094792,57.0,35.0,217.5,57.0,60.0
323.3875,74.0,57.0,217.75,74.0,60.0
323.394792,64.0,50.0,217.75,66.0,60.0
323.397917,81.0,66.0,217.75,81.0,60.0
323.405208,57.0,33.0,217.75,57.0,60.0
323.739583,81.0,63.0,218.0,81.0,60.0
323.744792,73.0,59.0,218.0,73.0,60.0
323.751042,57.0,40.0,218.0,57.0,60.0
323.766667,67.0,42.0,218.0,67.0,60.0
324.082292,81.0,58.0,218.25,81.0,60.0
324.113542,74.0,43.0,218.25,74.0,60.0
324.114583,62.0,19.0,218.25,62.0,60.0
324.116667,66.0,37.0,218.25,66.0,60.0
324.452083,66.0,46.0,218.5,66.0,60.0
324.454167,81.0,59.0,218.5,81.0,60.0
324.480208,74.0,43.0,218.5,74.0,60.0
324.485417,57.0,34.0,218.5,57.0,60.0
324.877083,86.0,55.0,218.75,86.0,72.0
324.894792,74.0,28.0,218.75,74.0,60.0
324.901042,83.0,42.0,218.75,83.0,72.0
324.914583,57.0,32.0,218.75,57.0,60.0
324.920833,67.0,33.0,218.75,67.0,60.0
325.358333,81.0,54.0,219.0,81.0,60.0
325.379167,57.0,33.0,219.0,57.0,60.0
325.379167,66.0,46.0,219.0,66.0,60.0
325.379167,74.0,41.0,219.0,74.0,60.0
325.7125,81.0,52.0,219.25,81.0,60.0
325.713542,57.0,40.0,219.25,57.0,60.0
325.719792,74.0,34.0,219.25,74.0,60.0
325.720833,64.0,41.0,219.25,64.0,60.0
325.852083,73.0,57.0,219.375,73.0,60.0
326.0,74.0,51.0,219.5,74.0,60.0
326.008333,81.0,56.0,219.5,81.0,60.0
326.029167,67.0,41.0,219.5,67.0,60.0
326.032292,57.0,34.0,219.5,57.0,60.0
326.160417,76.0,52.0,219.625,76.0,60.0
326.307292,74.0,49.0,219.75,74.0,60.0
326.321875,62.0,31.0,219.75,62.0,60.0
326.325,66.0,36.0,219.75,66.0,60.0
326.327083,81.0,51.0,219.75,81.0,60.0
326.620833,81.0,49.0,220.0,81.0,60.0
326.633333,73.0,53.0,220.0,73.0,60.0
326.6375,64.0,43.0,220.0,64.0,60.0
326.6625,57.0,24.0,220.0,57.0,60.0
326.957292,66.0,36.0,220.25,66.0,60.0
326.959375,74.0,47.0,220.25,74.0,60.0
326.963542,81.0,50.0,220.25,81.0,60.0
326.98125,62.0,26.0,220.25,62.0,60.0
327.276042,78.0,45.0,220.5,78.0,60.0
327.311458,57.0,30.0,220.5,57.0,60.0
327.323958,76.0,46.0,220.5,76.0,60.0
327.330208,73.0,41.0,220.5,73.0,60.0
327.354167,67.0,19.0,220.5,67.0,60.0
327.751042,66.0,34.0,220.75,66.0,60.0
327.751042,74.0,44.0,220.75,74.0,60.0
327.771875,81.0,29.0,220.75,81.0,60.0
327.779167,62.0,28.0,220.75,62.0,60.0
328.292708,74.0,45.0,221.0,74.0,60.0
328.79375,50.0,27.0,221.25,50.0,60.0
328.845833,77.0,38.0,221.25,77.0,60.0
329.146875,53.0,32.0,221.375,53.0,60.0
329.353125,56.0,38.0,221.5,56.0,60.0
329.494792,53.0,38.0,221.625,53.0,60.0
329.661458,71.0,46.0,221.75,71.0,60.0
329.686458,50.0,21.0,221.75,50.0,60.0
329.863542,53.0,41.0,221.875,53.0,60.0
330.0125,56.0,39.0,222.0,56.0,60.0
330.167708,53.0,35.0,222.125,53.0,60.0
330.298958,50.0,35.0,222.25,50.0,60.0
330.49375,53.0,38.0,222.375,53.0,60.0
330.630208,77.0,61.0,222.5,77.0,60.0
330.641667,56.0,35.0,222.5,56.0,60.0
330.791667,53.0,28.0,222.625,53.0,60.0
330.966667,48.0,28.0,222.75,48.0,60.0
331.029167,76.0,57.0,222.75,76.0,60.0
331.238542,52.0,27.0,222.875,52.0,60.0
331.405208,57.0,39.0,223.0,57.0,60.0
331.548958,52.0,39.0,223.125,52.0,60.0
331.705208,48.0,39.0,223.25,48.0,60.0
331.745833,69.0,41.0,223.25,69.0,60.0
331.885417,52.0,24.0,223.375,52.0,60.0
332.058333,57.0,40.0,223.5,57.0,60.0
332.195833,52.0,37.0,223.625,52.0,60.0
332.35,48.0,36.0,223.75,48.0,60.0
332.516667,52.0,42.0,223.875,52.0,60.0
332.688542,76.0,51.0,224.0,76.0,60.0
332.717708,57.0,36.0,224.0,57.0,60.0
332.838542,52.0,42.0,224.125,52.0,60.0
333.082292,47.0,33.0,224.25,47.0,60.0
333.277083,50.0,48.0,224.375,50.0,60.0
333.467708,56.0,48.0,224.5,56.0,60.0
333.472917,76.0,64.0,224.5,76.0,60.0
333.604167,50.0,40.0,224.625,50.0,60.0
333.782292,47.0,40.0,224.75,47.0,60.0
333.804167,76.0,71.0,224.75,76.0,60.0
333.942708,50.0,53.0,224.875,50.0,60.0
334.123958,56.0,49.0,225.0,56.0,60.0
334.144792,76.0,72.0,225.0,76.0,60.0
334.258333,50.0,40.0,225.125,50.0,60.0
334.459375,47.0,38.0,225.25,47.0,60.0
334.510417,75.0,62.0,225.25,75.0,60.0
334.673958,50.0,34.0,225.375,50.0,60.0
334.6875,76.0,72.0,225.375,76.0,60.0
334.839583,77.0,70.0,225.5,77.0,60.0
334.858333,56.0,42.0,225.5,56.0,60.0
334.994792,76.0,66.0,225.625,76.0,60.0
334.997917,50.0,42.0,225.625,50.0,60.0
335.223958,48.0,37.0,225.75,48.0,60.0
335.240625,76.0,61.0,225.75,76.0,60.0
335.46875,52.0,39.0,225.875,52.0,60.0
335.641667,57.0,43.0,226.0,57.0,60.0
335.782292,52.0,40.0,226.125,52.0,60.0
335.955208,48.0,27.0,226.25,48.0,60.0
335.96875,69.0,46.0,226.25,69.0,60.0
336.142708,52.0,39.0,226.375,52.0,60.0
336.304167,57.0,36.0,226.5,57.0,60.0
336.452083,52.0,40.0,226.625,52.0,60.0
336.635417,48.0,34.0,226.75,48.0,60.0
336.810417,52.0,38.0,226.875,52.0,60.0
336.95,76.0,52.0,227.0,76.0,60.0
337.0125,57.0,24.0,227.0,57.0,60.0
337.1375,52.0,34.0,227.125,52.0,60.0
337.416667,50.0,31.0,227.25,50.0,60.0
337.467708,77.0,47.0,227.25,77.0,60.0
337.733333,53.0,35.0,227.375,53.0,60.0
337.932292,59.0,38.0,227.5,59.0,60.0
338.073958,53.0,36.0,227.625,53.0,60.0
338.245833,50.0,34.0,227.75,50.0,60.0
338.269792,68.0,44.0,227.75,68.0,60.0
338.44375,53.0,37.0,227.875,53.0,60.0
338.646875,59.0,38.0,228.0,59.0,60.0
338.789583,53.0,36.0,228.125,53.0,60.0
338.964583,50.0,47.0,228.25,50.0,60.0
339.139583,53.0,38.0,228.375,53.0,60.0
339.329167,77.0,52.0,228.5,77.0,60.0
339.342708,59.0,35.0,228.5,59.0,60.0
339.525,53.0,34.0,228.625,53.0,60.0
339.764583,49.0,33.0,228.75,49.0,60.0
339.829167,76.0,46.0,228.75,76.0,60.0
340.071875,52.0,34.0,228.875,52.0,60.0
340.255208,57.0,36.0,229.0,57.0,60.0
340.36875,52.0,39.0,229.125,52.0,60.0
340.526042,49.0,40.0,229.25,49.0,60.0
340.589583,69.0,39.0,229.25,69.0,60.0
340.733333,52.0,37.0,229.375,52.0,60.0
340.932292,57.0,41.0,229.5,57.0,60.0
341.079167,52.0,43.0,229.625,52.0,60.0
341.213542,49.0,52.0,229.75,49.0,60.0
341.389583,52.0,46.0,229.875,52.0,60.0
341.532292,76.0,62.0,230.0,76.0,60.0
341.595833,57.0,42.0,230.0,57.0,60.0
341.730208,52.0,39.0,230.125,52.0,60.0
341.91875,76.0,56.0,230.25,76.0,60.0
341.94375,47.0,40.0,230.25,47.0,60.0
342.123958,50.0,40.0,230.375,50.0,60.0
342.323958,56.0,48.0,230.5,56.0,60.0
342.338542,76.0,70.0,230.5,76.0,60.0
342.473958,50.0,45.0,230.625,50.0,60.0
342.677083,47.0,45.0,230.75,47.0,60.0
342.679167,76.0,72.0,230.75,76.0,60.0
342.829167,50.0,53.0,230.875,50.0,60.0
342.99375,56.0,54.0,231.0,56.0,60.0
343.008333,76.0,73.0,231.0,76.0,60.0
343.130208,50.0,56.0,231.125,50.0,60.0
343.31875,47.0,49.0,231.25,47.0,60.0
343.34375,75.0,68.0,231.25,75.0,60.0
343.514583,50.0,46.0,231.375,50.0,60.0
343.529167,76.0,75.0,231.375,76.0,60.0
343.709375,78.0,74.0,231.5,78.0,60.0
343.720833,56.0,54.0,231.5,56.0,60.0
343.892708,76.0,76.0,231.625,76.0,60.0
343.905208,50.0,51.0,231.625,50.0,60.0
344.151042,46.0,48.0,231.75,46.0,60.0
344.1875,76.0,69.0,231.75,76.0,60.0
344.445833,50.0,52.0,231.875,50.0,60.0
344.639583,55.0,60.0,232.0,55.0,60.0
344.641667,76.0,72.0,232.0,76.0,60.0
344.802083,50.0,51.0,232.125,50.0,60.0
344.96875,76.0,68.0,232.25,76.0,60.0
344.98125,46.0,55.0,232.25,46.0,60.0
345.140625,50.0,48.0,232.375,50.0,60.0
345.296875,76.0,65.0,232.5,76.0,60.0
345.330208,55.0,47.0,232.5,55.0,60.0
345.483333,50.0,46.0,232.625,50.0,60.0
345.678125,46.0,43.0,232.75,46.0,60.0
345.679167,76.0,55.0,232.75,76.0,60.0
345.880208,50.0,45.0,232.875,50.0,60.0
346.105208,76.0,60.0,233.0,76.0,60.0
346.111458,55.0,40.0,233.0,55.0,60.0
346.355208,50.0,43.0,233.125,50.0,60.0
346.796875,76.0,51.0,233.25,76.0,60.0
346.80625,49.0,41.0,233.25,49.0,60.0
346.832292,45.0,21.0,233.25,45.0,60.0
346.832292,55.0,21.0,233.25,55.0,60.0
347.497917,78.0,62.0,233.5,78.0,60.0
347.907292,79.0,64.0,233.75,79.0,60.0
348.276042,78.0,61.0,234.0,78.0,60.0
348.689583,76.0,47.0,234.25,76.0,60.0
349.102083,74.0,41.0,234.5,74.0,60.0
349.108333,50.0,23.0,234.5,50.0,60.0
349.853125,74.0,42.0,234.75,74.0,60.0
349.855208,55.0,29.0,234.75,55.0,60.0
349.85625,45.0,23.0,234.75,45.0,60.0
349.858333,52.0,24.0,234.75,52.0,60.0
350.223958,73.0,46.0,234.875,73.0,60.0
350.455208,76.0,37.0,235.0,76.0,60.0
350.716667,74.0,39.0,235.125,74.0,60.0
351.082292,73.0,39.0,235.25,73.0,60.0
355.303125,69.0,34.0,237.0,69.0,60.0
355.316667,57.0,31.0,237.0,57.0,60.0
355.661458,71.0,54.0,237.25,71.0,60.0
355.69375,59.0,40.0,237.25,59.0,60.0
355.998958,73.0,70.0,237.5,73.0,60.0
356.009375,61.0,42.0,237.5,61.0,60.0
356.526042,74.0,60.0,237.75,74.0,72.0
356.5375,54.0,30.0,237.75,54.0,60.0
356.553125,50.0,20.0,237.75,50.0,60.0
356.566667,62.0,24.0,237.75,62.0,60.0
358.671875,73.0,46.0,239.0,73.0,60.0
358.803125,71.0,50.0,239.125,71.0,60.0
359.053125,69.0,38.0,239.25,69.0,72.0
359.077083,49.0,24.0,239.25,49.0,60.0
359.082292,52.0,27.0,239.25,52.0,60.0
359.085417,57.0,20.0,239.25,57.0,60.0
360.385417,69.0,50.0,240.0,69.0,60.0
360.760417,71.0,48.0,240.25,71.0,60.0
361.091667,67.0,52.0,240.5,67.0,60.0
361.417708,50.0,22.0,240.75,50.0,60.0
361.417708,66.0,45.0,240.75,67.0,60.0
361.422917,54.0,36.0,240.75,54.0,60.0
361.723958,66.0,43.0,240.84375,66.0,60.0
361.770833,64.0,45.0,240.9375,64.0,60.0
361.828125,66.0,48.0,241.03125,66.0,60.0
361.978125,67.0,55.0,241.125,67.0,60.0
361.990625,55.0,43.0,241.125,55.0,60.0
362.00625,52.0,31.0,241.125,52.0,60.0
362.161458,69.0,57.0,241.25,69.0,60.0
362.19375,54.0,42.0,241.25,54.0,60.0
362.198958,57.0,32.0,241.25,57.0,60.0
362.904167,71.0,59.0,241.75,71.0,60.0
362.933333,52.0,40.0,241.75,52.0,60.0
362.938542,59.0,41.0,241.75,59.0,60.0
362.954167,55.0,37.0,241.75,55.0,60.0
363.282292,73.0,72.0,242.0,73.0,60.0
363.321875,61.0,53.0,242.0,61.0,60.0
363.782292,73.0,56.0,242.25,73.0,60.0
363.79375,55.0,41.0,242.25,55.0,60.0
363.8125,61.0,35.0,242.25,61.0,60.0
363.820833,52.0,39.0,242.25,52.0,60.0
363.830208,50.0,33.0,242.25,50.0,60.0
364.85,74.0,45.0,242.75,74.0,60.0
364.853125,54.0,38.0,242.75,54.0,60.0
364.865625,62.0,28.0,242.75,62.0,60.0
365.334375,74.0,57.0,243.0,74.0,60.0
365.373958,62.0,42.0,243.0,62.0,60.0
365.717708,78.0,70.0,243.25,78.0,60.0
365.73125,66.0,56.0,243.25,66.0,60.0
366.084375,81.0,77.0,243.5,81.0,60.0
366.088542,69.0,55.0,243.5,69.0,60.0
366.74375,60.0,32.0,243.75,60.0,60.0
366.758333,62.0,33.0,243.75,62.0,60.0
366.771875,83.0,75.0,243.75,83.0,60.0
366.782292,71.0,49.0,243.75,71.0,60.0
368.272917,81.0,56.0,244.5,81.0,60.0
368.301042,69.0,37.0,244.5,69.0,60.0
368.667708,76.0,60.0,244.75,76.0,60.0
368.6875,64.0,39.0,244.75,64.0,60.0
369.001042,78.0,67.0,245.0,78.0,60.0
369.017708,66.0,46.0,245.0,66.0,60.0
369.467708,59.0,9.0,245.25,59.0,60.0
369.472917,81.0,52.0,245.25,81.0,60.0
369.501042,69.0,24.0,245.25,69.0,60.0
369.515625,62.0,25.0,245.25,62.0,60.0
370.3875,79.0,43.0,245.75,79.0,60.0
370.397917,67.0,25.0,245.75,67.0,60.0
371.244792,55.0,35.0,246.25,55.0,60.0
371.255208,67.0,43.0,246.25,67.0,60.0
371.682292,67.0,48.0,246.6875,67.0,60.0
371.725,54.0,54.0,246.625,54.0,60.0
371.728125,57.0,40.0,246.625,57.0,60.0
371.771875,69.0,61.0,246.65625,69.0,60.0
371.955208,71.0,59.0,246.625,71.0,60.0
371.960417,55.0,37.0,246.75,55.0,60.0
371.975,59.0,41.0,246.75,59.0,60.0
371.991667,47.0,30.0,246.75,47.0,60.0
372.661458,69.0,45.0,247.25,69.0,60.0
372.69375,57.0,20.0,247.25,57.0,60.0
372.698958,54.0,32.0,247.25,54.0,60.0
372.702083,47.0,26.0,247.25,47.0,60.0
373.401042,66.0,39.0,247.75,66.0,60.0
373.4125,54.0,30.0,247.75,54.0,60.0
373.417708,51.0,25.0,247.75,51.0,60.0
374.239583,67.0,38.0,248.25,67.0,60.0
374.2625,55.0,31.0,248.25,55.0,60.0
374.270833,52.0,28.0,248.25,52.0,60.0
375.428125,83.0,54.0,249.0,83.0,60.0
375.452083,71.0,34.0,249.0,71.0,60.0
375.463542,55.0,37.0,249.0,55.0,60.0
375.473958,59.0,26.0,249.0,59.0,60.0
375.808333,78.0,63.0,249.25,78.0,60.0
375.814583,54.0,42.0,249.25,54.0,60.0
375.81875,66.0,48.0,249.25,66.0,60.0
375.833333,50.0,39.0,249.25,50.0,60.0
376.134375,79.0,70.0,249.5,79.0,60.0
376.142708,55.0,52.0,249.5,55.0,60.0
376.146875,67.0,58.0,249.5,67.0,60.0
376.15,52.0,46.0,249.5,52.0,60.0
376.505208,81.0,58.0,249.75,81.0,60.0
376.516667,69.0,41.0,249.75,69.0,60.0
376.526042,57.0,37.0,249.75,57.0,60.0
376.535417,45.0,39.0,249.75,45.0,60.0
376.540625,54.0,40.0,249.75,54.0,60.0
377.252083,52.0,41.0,250.25,52.0,60.0
377.25625,79.0,58.0,250.25,79.0,60.0
377.260417,55.0,43.0,250.25,55.0,60.0
377.271875,45.0,39.0,250.25,45.0,60.0
377.276042,67.0,39.0,250.25,67.0,60.0
378.027083,76.0,55.0,250.75,76.0,60.0
378.051042,49.0,41.0,250.75,49.0,60.0
378.052083,64.0,39.0,250.75,64.0,60.0
378.05625,45.0,38.0,250.75,45.0,60.0
378.058333,52.0,35.0,250.75,52.0,60.0
378.98125,86.0,86.0,251.25,86.0,60.0
378.985417,62.0,56.0,251.25,62.0,60.0
378.986458,74.0,80.0,251.25,74.0,60.0
378.994792,50.0,49.0,251.25,50.0,60.0
379.001042,54.0,57.0,251.25,54.0,60.0
380.311458,52.0,47.0,252.0,52.0,60.0
380.323958,85.0,52.0,252.0,85.0,60.0
380.328125,61.0,48.0,252.0,61.0,60.0
380.332292,73.0,51.0,252.0,73.0,60.0
380.68125,54.0,46.0,252.25,54.0,60.0
380.689583,86.0,60.0,252.25,86.0,60.0
380.695833,74.0,51.0,252.25,74.0,60.0
380.697917,62.0,50.0,252.25,62.0,60.0
381.019792,83.0,63.0,252.5,83.0,60.0
381.021875,59.0,46.0,252.5,59.0,60.0
381.026042,55.0,46.0,252.5,55.0,60.0
381.039583,71.0,47.0,252.5,71.0,60.0
381.385417,81.0,57.0,252.75,81.0,60.0
381.397917,69.0,42.0,252.75,69.0,60.0
381.401042,57.0,37.0,252.75,57.0,60.0
381.407292,45.0,42.0,252.75,45.0,60.0
381.407292,54.0,45.0,252.75,54.0,60.0
382.094792,79.0,54.0,253.25,79.0,60.0
382.102083,67.0,44.0,253.25,67.0,60.0
382.108333,55.0,43.0,253.25,55.0,60.0
382.110417,52.0,40.0,253.25,52.0,60.0
382.139583,45.0,19.0,253.25,45.0,60.0
382.880208,76.0,57.0,253.75,76.0,60.0
382.883333,45.0,41.0,253.75,45.0,60.0
382.886458,64.0,47.0,253.75,64.0,60.0
382.891667,49.0,42.0,253.75,49.0,60.0
382.891667,52.0,45.0,253.75,52.0,60.0
383.391667,50.0,73.0,254.25,50.0,60.0
383.564583,57.0,79.0,254.25,57.0,60.0
383.986458,90.0,91.0,254.25,90.0,60.0
383.990625,78.0,83.0,254.25,78.0,60.0
384.025,66.0,70.0,254.25,66.0,60.0
385.333333,88.0,63.0,255.0,88.0,60.0
385.345833,64.0,42.0,255.0,64.0,60.0
385.352083,76.0,47.0,255.0,76.0,60.0
385.358333,54.0,38.0,255.0,54.0,60.0
385.359375,58.0,46.0,255.0,58.0,60.0
385.697917,86.0,63.0,255.25,86.0,60.0
385.707292,55.0,45.0,255.25,55.0,60.0
385.707292,74.0,55.0,255.25,74.0,60.0
385.719792,59.0,36.0,255.25,59.0,60.0
385.725,62.0,49.0,255.25,62.0,60.0
386.036458,83.0,67.0,255.5,83.0,60.0
386.042708,65.0,46.0,255.5,65.0,60.0
386.052083,62.0,41.0,255.5,62.0,60.0
386.05625,71.0,50.0,255.5,71.0,60.0
386.057292,56.0,49.0,255.5,56.0,60.0
386.417708,81.0,55.0,255.75,81.0,60.0
386.441667,69.0,39.0,255.75,69.0,60.0
386.442708,66.0,45.0,255.75,66.0,60.0
386.446875,57.0,45.0,255.75,57.0,60.0
387.108333,79.0,49.0,256.25,79.0,60.0
387.111458,76.0,45.0,256.25,76.0,60.0
387.119792,69.0,39.0,256.25,69.0,60.0
387.136458,67.0,38.0,256.25,67.0,60.0
387.142708,57.0,34.0,256.25,57.0,60.0
387.157292,64.0,33.0,256.25,64.0,60.0
387.86875,76.0,43.0,256.75,76.0,60.0
387.877083,67.0,36.0,256.75,67.0,60.0
387.880208,73.0,35.0,256.75,73.0,60.0
387.884375,57.0,30.0,256.75,57.0,60.0
387.902083,61.0,24.0,256.75,61.0,60.0
387.907292,64.0,17.0,256.75,64.0,60.0
388.728125,74.0,39.0,257.25,74.0,60.0
388.740625,50.0,33.0,257.25,50.0,60.0
388.751042,66.0,22.0,257.25,66.0,60.0
388.771875,62.0,22.0,257.25,62.0,60.0
390.259375,74.0,42.0,258.0,74.0,60.0
390.630208,76.0,61.0,258.25,76.0,60.0
390.954167,78.0,74.0,258.5,78.0,60.0
391.347917,64.0,34.0,258.75,64.0,60.0
391.354167,67.0,29.0,258.75,67.0,60.0
391.355208,58.0,27.0,258.75,58.0,60.0
391.361458,73.0,67.0,258.75,73.0,60.0
392.123958,79.0,65.0,259.25,79.0,60.0
392.864583,73.0,51.0,259.75,73.0,60.0
393.672917,78.0,50.0,260.25,78.0,60.0
393.685417,66.0,37.0,260.25,66.0,60.0
393.704167,58.0,29.0,260.25,58.0,60.0
393.704167,64.0,25.0,260.25,64.0,60.0
394.420833,59.0,39.0,260.75,59.0,57.0
394.429167,76.0,50.0,260.75,76.0,57.0
394.441667,66.0,35.0,260.75,66.0,57.0
394.457292,62.0,32.0,260.75,62.0,57.0
394.780208,74.0,65.0,261.0,74.0,55.0
395.085417,73.0,58.0,261.25,73.0,54.0
395.111458,55.0,34.0,261.25,55.0,54.0
395.114583,62.0,32.0,261.25,62.0,54.0
395.135417,67.0,9.0,261.25,67.0,54.0
395.30625,74.0,59.0,261.416667,74.0,53.0
395.497917,71.0,52.0,261.582292,71.0,52.0
395.739583,69.0,43.0,261.75,69.0,50.0
395.740625,66.0,41.0,261.75,66.0,50.0
395.776042,57.0,21.0,261.75,57.0,50.0
396.455208,71.0,45.0,262.25,71.0,50.0
396.490625,64.0,34.0,262.25,64.0,50.0
396.501042,57.0,23.0,262.25,57.0,50.0
396.50625,67.0,18.0,262.25,67.0,50.0
397.204167,73.0,49.0,262.75,73.0,50.0
397.24375,57.0,29.0,262.75,57.0,50.0
397.261458,64.0,20.0,262.75,64.0,50.0
398.039583,74.0,41.0,263.25,74.0,50.0
398.063542,66.0,28.0,263.25,62.0,50.0
398.094792,50.0,19.0,263.25,50.0,50.0
398.109375,54.0,23.0,263.25,54.0,50.0
399.579167,62.0,35.0,264.0,62.0,50.0
400.047917,64.0,52.0,264.25,64.0,50.0
400.407292,66.0,63.0,264.5,66.0,50.0
400.813542,61.0,60.0,264.75,61.0,50.0
400.816667,55.0,36.0,264.75,55.0,50.0
400.822917,52.0,32.0,264.75,52.0,50.0
400.825,46.0,31.0,264.75,46.0,50.0
401.704167,67.0,60.0,265.25,67.0,58.0
402.495833,61.0,49.0,265.75,61.0,67.0
403.421875,55.0,37.0,266.25,55.0,75.0
403.432292,50.0,36.0,266.25,50.0,75.0
403.436458,62.0,40.0,266.25,62.0,75.0
403.452083,47.0,27.0,266.25,47.0,75.0
404.066667,71.0,52.0,266.5,71.0,80.0
404.494792,69.0,50.0,266.75,69.0,80.0
404.50625,52.0,34.0,266.75,52.0,80.0
404.509375,49.0,37.0,266.75,49.0,80.0
404.863542,67.0,62.0,267.0,67.0,80.0
405.173958,66.0,51.0,267.25,66.0,80.0
405.216667,54.0,43.0,267.25,54.0,80.0
405.219792,57.0,37.0,267.25,57.0,80.0
405.516667,64.0,46.0,267.5,64.0,80.0
405.532292,55.0,41.0,267.5,55.0,80.0
405.533333,58.0,37.0,267.5,58.0,80.0
405.948958,66.0,38.0,267.75,66.0,80.0
405.973958,54.0,33.0,267.75,54.0,80.0
405.973958,57.0,28.0,267.75,57.0,80.0
405.978125,50.0,27.0,267.75,50.0,80.0
406.892708,69.0,43.0,268.25,69.0,80.0
406.910417,64.0,33.0,268.25,64.0,80.0
406.926042,43.0,30.0,268.25,43.0,80.0
407.280208,67.0,42.0,268.5,67.0,80.0
407.727083,66.0,35.0,268.75,66.0,80.0
407.74375,55.0,29.0,268.75,55.0,80.0
407.748958,61.0,25.0,268.75,61.0,80.0
407.751042,45.0,30.0,268.75,45.0,80.0
408.164583,64.0,38.0,269.0,64.0,80.0
408.908333,54.0,34.0,269.25,54.0,80.0
408.915625,62.0,30.0,269.25,62.0,80.0
408.9625,38.0,16.0,269.25,38.0,80.0
